83810,14592,3278
97196,36048,32098
29256,18289,96530
13434,88696,97080
71482,11395,77397
55302,4165,3905
12280,28657,30495
66237,78907,3478
73563,26062,93850
85181,91924,71426
54987,28893,58878
77236,36463,851
99458,20926,91506
55392,44597,36421
20379,28221,44118
13396,12156,49797
12676,47052,45082
79131,34671,5695
95647,60217,70284
16361,49615,10328
72357,38427,82397
81070,47400,75674
25203,92349,9116
6006,86673,29871
37930,10458,30512
13238,49823,36434
59429,83320,47819
21319,48520,46566
27460,87841,34993
91988,89593,84939
9358,79840,83227
22431,70010,95568
32087,21417,60589
49735,35382,83886
90198,73000,28785
89733,42504,7331
30021,4207,41347
52581,35093,8675
27653,74341,94098
41245,27869,85909
65435,51856,84259
60142,18726,34718
18301,32325,97647
73579,70644,34438
97912,76622,56155
76484,52350,47447
28746,18131,66784
64686,11915,99061
6175,14371,20033
82240,20969,89192
55333,78172,8326
50432,50019,78104
61348,69352,32953
72512,1504,89166
94466,15014,89353
70381,98419,34973
84012,44587,14621
38469,56985,20730
59470,425,94646
94329,34522,65612
99871,23416,66542
13947,81959,39117
83748,66540,79818
26071,20032,49009
99943,21174,70697
69514,74,78504
42487,64042,2552
14662,47576,40306
31385,7592,31571
74364,10322,11226
95932,63699,9071
99693,69822,16483
16828,86474,62296
72063,21643,34741
69163,79507,55461
27760,70686,98994
95673,90422,26365
93447,40857,52296
88039,85180,48944
57422,67839,59177
15860,32493,29451
8392,44313,2757
77110,72603,30161
77128,28864,942
9305,92778,82719
7716,30007,8834
4117,43309,9287
67391,31195,36500
87684,63624,28080
70678,17342,94811
74847,75525,61953
31850,61993,53354
24957,12363,12704
86374,56498,46438
55519,53883,61213
95561,7100,88259
85649,84696,12899
7944,52772,95448
44473,14322,32591
25112,24931,70292
58800,18373,55296
24050,36509,60637
32742,9880,58082
72132,12833,6630
85477,70855,1934
12224,98771,30982
21798,53269,63653
63092,28016,52565
7685,21579,49672
282,51173,34760
59638,37388,55444
91303,95748,72845
86752,94163,63788
20289,24890,38890
28534,7665,75914
96434,71066,7989
98038,41104,7492
6572,76569,62493
65909,69615,20635
7455,66562,10500
24356,8981,77992
8907,88501,30828
52923,15713,74668
32271,75880,77924
5209,81183,10745
54948,86163,76503
74085,68522,41467
34179,26772,87782
93872,41180,31285
34814,51876,17154
88039,84607,39321
59929,41441,98548
9508,1220,60068
81416,73792,13104
9602,70468,27938
66307,34760,17361
45745,9016,32018
48434,37353,20676
57433,71200,92214
39651,80173,85717
69329,1025,87538
72692,39240,86951
13577,17601,34664
15129,14029,97310
72512,20374,35697
36930,79276,27607
94058,44942,26685
90111,83130,34600
66244,64032,32914
6658,12097,83136
55518,36265,5778
464,43719,17146
83507,34335,21178
97154,57912,72309
92493,56057,73519
1267,14663,9862
90573,19536,71511
4722,48393,76350
72420,19410,56333
16704,5482,40404
47795,5229,46898
27535,89399,32706
87416,13473,46357
73385,53264,81351
98235,20257,31029
21299,23206,54040
3248,23509,96542
43540,53964,87806
96345,32527,34970
20866,91917,14168
50140,5075,61694
29154,26158,60332
45830,40001,29831
29219,3101,86511
25313,52227,43025
36517,9099,36585
46025,84080,66768
52386,89065,70282
43404,3617,15118
34237,23405,76099
34795,5014,14208
78193,56959,45309
95491,41114,57199
79457,67033,15157
50488,75574,24914
33386,5817,92901
57154,221,68146
70575,90027,94297
97248,96605,87900
25825,47739,56531
9171,87062,43279
81678,41145,86951
16334,94339,39363
66469,40538,87410
53528,42753,52743
91384,38752,72667
16683,25144,55108
87153,49695,88777
98059,22810,80676
74593,39446,53225
71819,53,39829
37606,27549,56346
76019,79516,85813
42237,60946,57905
57954,88555,28010
67000,62021,96463
22241,86356,11114
37196,67561,87012
82960,81167,43933
12240,98453,30784
88184,40687,29444
26100,19313,3201
6057,32092,62277
80120,9545,59692
54321,82544,75454
25485,94155,91272
50328,64799,52383
31979,19342,85990
90128,726,98430
13970,55724,28683
23053,91214,67889
60889,6582,73060
32662,15906,59829
17477,60901,87500
69616,73259,78047
41588,98992,58008
80301,94276,66162
55933,71810,58446
20861,97472,62216
58991,33972,98536
32406,83579,36347
68327,63517,82149
31358,35992,57654
10155,93525,37450
30735,35614,44020
41904,70798,10561
18136,19769,30311
50205,90957,20028
92591,28043,8418
54377,53424,43369
71121,61069,54496
8161,27110,55069
51049,76556,91163
2560,75456,49857
62518,772,46105
39139,98759,51116
54921,70545,97978
96289,71582,79069
28906,63993,28760
35774,57125,63654
3804,50968,44057
87670,89016,52994
94919,21632,61261
16728,81560,70008
3534,51645,77580
73975,86900,3552
11003,84246,56179
17786,60515,23819
6590,34099,49689
42906,27742,59598
42840,44236,99775
49692,36471,98567
55255,33065,10735
61644,2540,98176
70702,6826,45870
29389,85215,8993
85426,5276,98858
4067,32411,26130
2671,81439,19973
31266,16544,62070
87747,14993,73920
28569,60952,91680
33586,48351,21992
79415,79593,98032
94156,15012,21465
40768,14168,75849
3365,40888,75470
88781,49192,51990
93718,25995,9961
77607,90520,82213
31830,13356,91382
39529,89687,78697
15866,74177,5383
45508,69827,56148
86706,48571,9038
66317,84874,44725
1658,55057,64251
13833,56822,47472
83307,60258,92708
20052,57080,23086
96180,68386,85256
35400,80728,70539
63372,60931,57091
95817,77656,35179
42245,32177,11359
36559,59087,31963
98366,60910,74691
79997,87580,49674
44092,3761,64789
42600,23834,63904
27802,46507,33862
44608,36655,78139
91905,36211,72848
1330,67715,25042
11221,31635,94381
53271,64038,72768
99374,31499,90519
62402,84659,93302
64332,58743,2260
12196,38566,29045
53005,90673,31890
40135,87026,76225
48368,62031,72544
69588,45056,55771
97771,72140,43357
46112,92124,59473
35509,40189,32951
30217,15814,94540
25242,41359,15670
97370,70236,99901
90461,24267,25105
28361,96810,63464
36241,94972,77278
99641,68765,78222
37093,13176,25443
38829,29816,47301
23519,39618,1854
92801,70010,16591
35954,5965,7146
72529,38290,91411
16551,83606,98669
64340,13446,1607
75243,37268,61524
62746,57733,44657
24164,6734,33092
62616,14953,8564
52521,64454,9710
75631,82502,89974
7026,19887,19555
73772,39824,11164
32530,15525,73147
54548,79471,78135
81057,29581,68494
49856,59049,58028
38974,77139,56207
40026,74531,81399
7894,79905,97004
13006,99973,27235
81987,27659,34687
86563,10641,20585
31439,22782,72350
9838,20517,350
53545,59048,90357
77832,61592,38175
4278,30340,37762
92662,37056,92141
59510,9329,90096
30595,34675,81927
77304,86662,25928
55723,15043,71376
29466,84886,19528
34816,18643,9359
7816,21747,40319
77993,98167,74607
37828,57560,16299
61433,90266,39857
91715,52757,35683
65597,70776,64722
57377,10543,78385
5224,56626,96276
42247,79129,32816
3390,11970,30005
88381,75392,76955
2719,88117,35325
75529,5273,99125
22962,61669,68021
85394,57963,36458
23788,76720,57132
83202,64451,11959
61605,45607,53523
43687,42081,87835
13710,21079,43228
53955,90921,64942
37777,86846,52488
99680,72102,4809
59614,11542,41224
33082,42372,15194
52976,67449,150
86200,71118,60552
54165,7104,24586
67952,47419,81609
99148,65338,81973
57939,99613,6764
26680,35003,71987
17172,37752,57424
91521,63532,15915
3783,82578,79806
31365,93032,20758
40730,72199,1792
72384,53476,12217
29451,14871,60482
15396,84896,20181
65323,93926,38254
66698,92459,35838
54459,63242,61894
31946,59871,72255
18958,50277,24983
78561,66616,97818
17892,9150,36208
54387,44548,66550
35018,336,37072
95164,39132,76931
76011,86499,64178
19476,58529,70592
63483,45236,43573
72340,99991,71228
49441,59682,42176
24727,91422,31300
74946,50196,30613
53841,5720,41704
97609,61993,92435
49968,50604,86991
85461,19936,64923
4852,16547,65836
77356,43515,13154
57711,13069,68937
59890,2011,94692
18894,53736,85823
20232,9807,61537
34737,44375,81691
90794,52098,85175
10527,43065,88389
69942,49808,41505
82155,94203,99536
63956,70912,4705
80931,8968,30771
82727,89705,37667
29817,97880,11846
56881,12903,99663
83066,92260,13173
58153,21805,90964
39251,3794,6028
42516,7355,38452
46984,49131,56450
19080,32007,69621
54008,74177,89364
23600,22280,22946
10350,79887,50140
81226,89539,31566
65230,76435,18758
30433,60443,83611
33289,60236,33466
87404,1231,60981
37700,88815,71643
20706,9681,57898
45293,77014,39210
83746,55615,90480
32780,59878,39599
26111,50422,63335
13979,31091,49986
74963,47049,75341
38780,91655,38696
2875,86275,51879
35976,1061,74177
89889,97605,6428
79482,97671,65107
37512,30162,79569
46179,28705,83442
24920,81381,32850
88835,99035,94493
86400,89241,17927
82345,12735,82242
84717,5167,40492
57779,4373,75965
47823,95991,17224
11813,38680,42823
97973,54460,23021
26318,17322,70701
47953,69579,65771
35720,21567,33681
63156,38684,97853
44396,15095,61385
9869,18449,98848
29571,88647,94924
88395,52089,73048
47942,11836,51717
1824,34663,70329
16199,59609,48311
88188,98174,88125
34362,76619,49941
83695,48689,14201
88452,30647,61797
3280,81205,73584
42992,79964,29015
84889,8285,83283
60852,91891,39608
85097,53516,15292
18320,5943,4877
39893,64569,15220
12739,30775,70457
17781,50940,59459
48629,87881,97404
91289,70804,54935
76983,97290,95236
20253,54379,85841
12978,64139,80694
53492,36666,4288
90476,48566,28477
58115,58287,30947
47537,13022,89873
48147,71364,84518
47012,7936,52184
36160,24878,16011
59600,12015,86870
27801,84109,83819
78269,2799,6629
43713,31925,16505
74000,26896,8992
72641,27152,76858
28305,30539,43064
19340,78116,371
36342,18964,17038
70807,32853,22871
14408,86646,3379
17275,1947,46955
31186,77182,42437
2068,22838,34782
6868,16614,97218
55176,68955,14896
97735,8330,62422
58756,47453,67271
77812,14293,59245
66039,29038,80623
5683,95321,86363
68347,39535,60036
84323,4082,7972
62781,52640,55872
89928,14150,64260
93375,58138,9632
10589,42219,79730
19442,8609,16540
36046,81830,82978
76724,71874,93343
42622,49925,78301
69541,38652,59469
66263,79354,56387
12999,91983,14996
85814,85316,72264
94481,28183,56370
59186,29949,54239
44424,59441,52262
54524,95631,12463
40966,55936,40963
87177,33408,49060
20006,90023,62163
8799,11957,11188
12219,56606,12656
97594,96835,48843
17054,72924,7861
76869,73608,73620
43207,87819,16021
53845,46346,87207
98341,55435,94510
6743,37700,78696
40953,46090,13579
75748,66507,27884
20280,86079,63201
29392,14184,45890
72910,48176,15058
99956,36512,75248
29643,56244,73526
81490,80422,88470
84239,72972,3441
79822,86223,90894
35054,3794,23647
35818,92104,99930
40499,44541,46009
800,23777,18776
74228,86159,52531
9120,18595,97120
82991,4018,12026
97794,69531,28197
49308,55028,59460
44681,20631,48503
40846,94581,42517
74395,78148,11135
6895,20392,20632
98885,80981,6522
88338,10693,35665
58079,86761,55576
63656,79570,57939
54287,35804,28255
98951,67154,14918
45242,56349,14534
37125,88895,88930
77743,63783,69066
87442,40425,5952
28903,51807,78554
7180,1007,26794
39507,27686,17987
33491,37938,43007
15726,1013,65193
97912,56446,23028
16932,49834,69806
92231,30161,65570
73233,87562,46421
9447,52044,97260
5544,57176,2456
60260,10205,41033
75465,56267,75156
53008,92995,83904
54747,37947,15096
53088,2733,42568
22527,81018,60305
90388,47428,11551
57240,13875,31891
57104,77184,52487
68676,10308,51873
40668,97754,44500
29041,43655,22037
10011,66910,82998
14945,69547,66840
25415,45793,46019
95339,84599,19358
30968,13474,19194
33550,25856,22740
78957,20036,99642
99503,85918,9876
23218,82306,64764
60811,98886,73889
99598,75952,58838
89277,73989,84278
83269,81857,42363
82210,41436,19786
57640,8950,61462
57961,82756,39691
36002,77518,7362
46129,66497,9724
40685,60521,59233
4929,7456,48331
37627,10057,84497
11835,80610,77867
66462,50394,60648
76064,72655,96851
5376,58947,74928
85437,24672,42143
79299,62341,65715
19773,8109,59050
13566,45015,93626
11053,66132,84689
22617,5130,32472
92749,57377,57595
68690,68517,79928
20807,47696,48870
37079,50779,53578
44350,88984,78366
6863,82691,84843
43863,8639,43213
12387,73133,88916
50667,37243,33029
94861,86057,78997
19709,43694,10682
76380,86980,18537
45851,40662,85990
91551,86787,51374
16901,77993,92908
11104,40577,73259
49372,84343,43054
16750,87833,92121
96832,89838,68995
12249,84675,87878
55496,66648,47425
2389,47526,40483
23627,28074,44791
63736,25166,29693
18030,20308,10114
38770,13256,66543
70748,96815,69013
4947,86760,44140
81006,17176,78282
49377,20218,21266
23703,90812,81885
21697,94526,57366
5726,53852,47749
88652,94317,31133
58222,80031,37346
98617,98112,58841
30671,69993,31348
40562,61474,25430
48213,88907,74766
57749,60513,36932
50052,65916,69135
54874,21241,26174
79254,18140,32768
6839,84040,62991
48655,72684,13446
93244,67621,16341
37363,10993,21012
35755,58893,67286
19313,57340,12021
29102,59130,45820
3495,54381,6980
51964,65799,49015
30903,50615,10696
49140,29430,3694
41770,12987,93677
85191,43947,19142
18035,5020,37601
61925,91235,18191
99462,92476,61487
58799,80654,688
10384,2490,33544
28266,19597,71932
95320,79807,69176
55476,14573,37762
31147,39472,15970
6258,31252,55027
83748,81633,59914
8232,14530,65513
78215,70261,2154
82831,67551,75372
31711,94181,18818
38177,56261,205
80584,46244,31531
74798,54600,24551
87080,87584,11221
68614,47265,8870
68951,71313,66496
66535,72633,2665
51177,61621,5706
83318,50709,48929
33246,97952,2128
46805,8855,45193
31604,96068,86127
82346,13587,76271
96362,99179,43583
17486,5811,46176
71567,44374,84252
22949,89742,60899
91146,62722,82802
23891,17675,8270
93853,59988,4847
38462,26422,5741
26144,5492,41365
40642,67552,52196
71176,62049,33202
4799,98735,84790
25048,37501,46789
6265,85948,43506
35811,16315,48237
57272,52431,97426
57637,50678,44438
24486,65038,90710
65211,48148,68062
34959,10828,95300
55640,10345,56440
78964,23652,71496
38504,42101,13447
10494,42981,86628
38750,40173,58447
78986,94065,55851
21842,90408,58183
46077,58606,5551
95265,46210,80589
57008,35986,83816
7518,9835,87973
83560,53242,47619
67251,98290,89051
20969,4081,18714
79635,88878,57432
4561,16545,8812
30932,84562,48015
47467,50181,74349
4244,79310,20111
89006,58972,48623
48760,58188,10077
75225,18047,69397
48096,52171,41207
85139,36528,32717
14869,3396,96426
24385,65410,67861
50723,73619,15435
34311,34116,92279
58493,28124,80199
37431,90961,64382
26237,16074,17790
9706,59250,22630
93502,58341,11506
89381,41889,87535
45537,93000,8511
72089,71063,38058
39315,20644,93298
93003,91779,83584
22818,47381,66683
29391,15907,26342
18202,31029,64752
3445,47303,72616
75009,48353,61263
72305,17009,80209
11300,8617,40539
52187,93969,94223
62739,68903,53843
53665,75353,9666
16426,41553,84192
9720,58979,61057
89143,67811,45156
16821,72260,83859
77042,23850,16912
56704,65911,7263
16274,67908,20056
39862,21581,21229
42291,92973,29552
45353,68012,37230
10336,32847,25729
83238,72199,35972
16406,81922,39691
80534,69924,12245
65873,84015,22103
77569,76106,20210
22439,86341,81851
94454,79316,44252
73874,5399,3718
10646,5958,84076
75598,34688,85344
27631,74991,54602
81016,83753,3969
65278,82203,71509
37967,84136,39596
63300,32096,89783
53227,38985,59446
9564,90257,7852
20719,57619,54476
63471,60875,26741
44589,79516,18830
40970,94157,41853
96233,45268,52260
17139,99701,48567
67499,73616,13917
41827,31685,61141
16059,35058,58929
32495,18465,12689
6632,38038,50351
80658,54805,32541
20932,42917,75718
94519,40988,24881
20885,65308,67466
61186,65373,40441
65191,3037,11802
51543,66249,59930
31552,28199,76460
46254,6377,6624
36877,64866,78317
85755,88148,61680
37453,70345,1071
14089,56482,17555
34664,95355,47943
52855,47964,5930
52505,6705,74747
73638,25513,47516
72512,37827,9637
50639,66093,59028
72070,36663,81689
89181,80090,15572
16864,12672,51629
48915,44444,73116
47920,98954,18909
26090,78966,66731
52610,65546,5276
5938,5100,17961
93531,43652,62094
68069,59898,19521
79463,67568,18321
42987,80356,41750
21299,51505,80805
96904,39221,77820
44089,66494,66809
69774,64205,92895
73783,39294,62245
2180,48281,43416
88317,14366,54596
76507,40327,95069
90183,82478,3492
78238,62205,34803
85929,75821,75711
29824,94555,6731
76483,62973,22349
68712,82447,94526
81230,49832,19369
89224,31745,4138
75047,91818,14404
25006,2482,57807
41116,54890,19848
54127,90505,26724
53788,65774,80147
61814,96447,95342
8163,92507,18098
67984,27176,73516
42604,86799,62701
68875,49391,41124
22699,60249,69878
44869,71601,46437
88587,94493,89226
84319,90873,34650
79963,63462,25200
32311,36569,73149
39124,29473,39008
37880,92392,27168
90471,92404,64094
41555,62888,45718
73464,94589,35842
37721,15974,75166
88686,71197,49767
51712,45237,19198
38070,5513,37700
93603,10358,45398
57983,85979,33612
97955,62793,28047
26485,70592,35537
73664,91248,35601
17992,14316,80698
97110,76917,31363
31779,6653,87796
69604,29579,83616
30518,6880,13133
54172,43292,94025
61918,13178,89285
18018,679,72135
20701,53334,85575
62350,62580,85267
26143,99078,37649
42096,37409,84659
7754,11725,85498
75252,30437,70143
96821,94780,4888
22946,54773,23040
4763,52034,64930
24420,98173,37941
4910,1214,39110
74443,79007,14064
43914,37298,59552
84058,71211,68723
64738,17589,66088
61344,35761,25272
14764,43343,21298
95829,60150,84972
33720,94188,24405
1846,96549,44185
38669,74420,88395
99258,25318,23002
80079,83719,53148
56059,67538,42982
11368,52538,87720
12502,24219,18430
62580,42415,32512
895,34181,50275
30870,58554,98796
34995,43204,39576
76344,94749,75088
1498,34282,85679
47127,90802,30972
8142,87528,15495
61000,40213,20934
53138,89925,65866
92216,40760,90477
15389,83717,38671
48174,80560,28947
28721,17507,62676
20078,59634,98007
79395,48971,54505
92004,71989,61712
99267,70453,87044
28627,99858,32435
89173,98925,78094
10730,68879,58556
69228,92244,47419
10237,73946,14707
8094,71781,66255
26497,75065,70341
19641,21566,43007
68202,57912,15235
89167,26922,93967
76434,64071,11919
66895,58390,7292
59432,17294,67272
54450,59873,73912
7567,73242,60604
88181,40392,94801
2853,51897,33352
395,97754,28560
75800,9572,5936
55534,45158,91800
8357,70931,7897
9046,61875,4159
37629,53591,23590
17750,84085,95589
84656,55097,49081
50132,58790,49479
49236,10518,89486
86742,70687,17431
85660,45582,15549
