1043321819600133890838637940265423511615594078161849593103413164752553419283276483503056413953767242
3884969653287101226916697848018451462704828148932528809570154303911718227824896383465787133150983930
1031051834738299737631165667010651333872624731781080132677360260647468723430980500978820812191361939
9091699854353462475107991183842513542784980841241182449353487401640052427868011280598262045053315869
2322602563421607337543303654145868501429401965569816934060883561595148465648236629946804436995777387
2148951343320037917693676320163287083172788957986872774348734714345581223623166587603669096705466889
3734670656272980699016272046537556464170805310033092327193745299124190496631931491905865185067165726
2849877694531473799650752735454948083136783777014363495788568557444313518233749894134352408240084271
0947775204711671902294131869993867749649909133412328120679740344713493618324210249947174648877190659
4013990490278742967175655125674680715451680876038597703482477109324808613171274846773782639821465840
4499727875588675339636057662702895171870262174596158657809134316117240050455623869222196937923747407
4821759464743671369594406409097439533942104709521456232858842474517123685160481754965137098593174612
0047113826758692617964053773515850643171390053293183933529042284210205395024026811775891783908470076
6177115921249985698478961183673657661565452711116152809885165604945198327315851493689980940244550229
6120183667525459910229014767976438156149784036900343244510762268388516060715969664160529751613696816
4535218188355231243292127799799552717744905814770054119986798079359782071518203778892554665905151864
4925192546291486528168505423573322141888059296222927065379473834735977468862392407581814124782613750
6068536153051522047277901043289861434103697117980893246095396218518888806706540515319520585277221704
3030548687403450541566765277584161692845115447962757059640165820297021355690927557192856543102786814
4739473121727155188442258313237058957829114678669125177852892268018242253584143842498182992299590010
9439690784473647102767735925556258815371473210469632595327877470168733950047974801624565060983584168
7849912165585239868000257872982595269495888794705516940974993097289623091307562636897028385786527858
5497334843443757584419866524041574733848421993308330165712082677345401938026206724004991547887287431
5274205493296685161227530463745499045301742684145933272795687833918785191088398225871397187072867908
7406403910651801704622656766182512868230047868633752431069033119079030673830284395995342836440892687
0568566246287334270866882634351751830469901398373540331739363854678544587717535560932048996423536937
8547772522872808010062312038750997700886008484086211823398454615679334101666870021765918033974014890
2503926142939685621850163159996504773586629619431142626551104754121267888610158199560466183982622444
7212646471543799371240659657569245937526547935646519398280737416724342661797968868058911352909656101
4388899375679825071461125457387571775140105123828258673622660937966033419182553714785969691557924991
2513412528669296627828274225790507236887676772190340438427978819148580783613407451713395962923309584
9825449481260422325367294667116845775901751863637454589297500170127706324241541520643611037129387005
1627136111554262218909275326973112196565234138999404389836403761379180552696582710910430068486661889
2414183285691463031617990421020275884252410564814917785079252419138000307562208635365419518023806174
4518705349493759738320603850506413836702410386571918261990623445655743132912127756185374741124903521
3568044206788317121003236519941013721510702966706625324472099934768701462638380657875985642059304078
5932133480396522395590599293784270103930870593252500292185156915452267528953926442209690295939172513
5521570433154100676267658617932710405411526218159970629620153368844431069872050614973103241714677418
6256527047743490211586938068687937416089899217223320616329451168685487099861622999119148564679970246
2996065307450544471324754691373678508214862890233030705345786103579727985524140602933334680072290349
4466574374896910858994417154544432830965207446660993538758428241724825135346554947170999173816846022
3569725217525007432927129666676008350583003354216894210447898562575326033230982150648909010016761847
2304618499261891411739348356420873753001197218114374470120455611002255794155216674676212021697972965
9027716701450899358891637562890028772175354083866317797177517016608801994883755037589975711305548851
0272614933163735160917798270808697829221699586693465472269848583339452288515879968460810620034244204
3805719838638406665800439735989334721228160648422940572025909479851583281826886153355543987801573993
0561648408588770435811288013361386120750110248193466766506180919015814491476607283268424508821009968
8143536822239431290878141413975523149135775949299556205336452577754781291428341108099693084887256394
2788165803928272299275037314530385677005184498926659184638655779082723184322259136517773926030299228
0920242869904137977236929298425799136621038862912799088117298068650863765991624731498643009818063565
1269448695946368872588744956213721386589026012796114351906698490277038430988392053021465669380118489
5543937690426818184518489476973577907141633565880434165182755394237333433339521117908075957947284639
2086780856271875003691559428434795527636556472929314386632270267288574489061203471754558845061593998
2455877169472256996112535544964759876220234132611178006811492164334722820055778487282997968845783174
5642400825478077406493085368663266341638944846312241797497350208021442703120735647570512046187234601
3673037183764520881474350313650249163009792513271950052812735857306524077848739285574982182744857086
2095935186387829456511810220317310967899405391037170586509480141381138633839288619576122868528975585
5665939836845776004908240433504888992107522459334419693157279194096105566139060480589258320679981364
6225179086416862278376938983314659116655355904259792703352110392405147705383388487920698042043940701
6451046368157981238780038457620555438404608432562168936392649578232983248262925188125205664742312209
9499939330517289752677223306046333127975736609656999880817703886086803476447264908277181298266570279
3714521117518689268602592222064474212309407778097339776719903849830220502099451016224999827950145561
6814721458683390198179469548995299787729343010713966055830344144885015569902355770272785760849588039
5512405682996291450461735743842150317807823578452182307681040915701840943533448571422410988138585424
9321495870207016016629979545381792171747733294562557701715772459928161581487696393827615396695832197
1997581724619196570132902278469973354946519098624058008514036965666683272386562422010276212679692786
8765326909738468950097519712847818913718949058077879565442094940792904904712814429444019292752437280
5129276637239504102767478366742860476580185694544149673938525800106181753443009109391119269212447174
6542140665044271739627128639174101194707200642569087766183067198554601585174328063461571732030937618
4787005050613878293102707903202041792911179931365651982530925114262582739021962071002194672324876329
0927914560833181958837340312772200543645970108220781137995635315313636317970623972652735435209042177
6253492929831687397740633569392906007806867177318063254310742799077262570165804649893195085016579055
2818325381793355486401557788178847951371162411241272380468275670431038569557988774924243754025472928
4222231059274523805525782841067275208854749297517028140693751509398343018718637599805626565045547813
7674266299123478519610646287923264870494787300244714627301471959796471589042902572520456504481832192
8554451895202845765213283389888167112075452798524013223423216110760310890714014011939325012495528938
9119083342801387592712566383615171827548015716479473864631752071678112669121535396136749946579678427
1147732010170269524991187734778485880061675677002842762467197889778280647969545009025590561655650333
4911415208507698640790569659171357852945637183440496391919541987635148468536649878208297374896908357
2324665136442493631230347786603242044820700159416516231981898471391559636321234764907851586734257540
9003486451837606441343275604177656124815698570027206345911238296577242954316526693008931734206969421
5291086771333447626393436262044397359710725636694118005375990048964652809242875721586241502745644948
5625728703203207427617075877712151342284993908926137150416591520177749050975923045018961642361032664
2147649251583776749961659266108573278814761742243864908108186617945491801722601645977945232194168006
1027769749956412203103037236831472760122777079334960501667998407678997308069581467179576024375738395
9724665729341722329716743380054522801561931837455084289107711991808121352478712552137603754821456532
8632666785072081155626060290846684550489267389975634108562884318848520089434681054851017490753998935
4492683158935712661106273715869886497677622827728813770285196115940821545447022960443270185106794975
6792287772519966365807412094818139890983780182043397189569070562608564111824224124620952004615265461
0339937886140578617063048913824967183258238687007942007494653984028914161284639855474355379502097002
6876811807156956201753703045319433750479303614987283999219212493843089487060566418775803046875063519
0361332541107609543173505831997179110065120704961108046619639907676991507859311091939284567972320024
9685498227495450892038806533315377959959465217073033793375636205015081247395003342342583230241026153
4735528961122338655963099384253042897317912868578725587774969033373634669254812147853907895677665754
6027341514888143111508353544439284044566907826333738987751536637780529240755366684590902259999663618
6371597412182097023164334817058025662128671632346729949387430271693859777901475469263296762916032484
1376815118567243807017656360041257771183727422091241862104275230837081647090063353310600531312206815
5839386613315520650637314950136497189241956252571509976838903091436391025743263039752450864035533803
3968527017130232129833816742336293449734715662776896270661498282467474689715273230085766656749160169
2364587506633705024972439920116691836264488694611952436402701168646225223728179323023467912141614150
9377100409013806984775965555356690551076209184357978630505057397691567164932898027148727178333211602
5643471287153991566863341411159319525690409836655289931608752437729420954814973746052330276420865675
6618443861259047292774233305912662015720185962630136749261764750111178309997419267649215182606888718
9813129208751029321840118458260340848729758598831030324329839542961844626714628314359892625660931418
1861515542340163611284971859484910256258896792408222694053967275784468341465111312901487068277881609
3068538909728321528506762515381447443096348079705097545105265016731882617024376545628417722560531340
2665023741678725686211022580305690674471639282341436371892392312604326093106684335670860414545635020
0053474916247554110825559895343961129109337118954738202368485571617688029424090367881278686694320293
9087884434481230834024240338105955184269450053424089164983735439627365271727223972404226931216376182
0916601002314290018513279724572308481001841862030366254361721314519515109226859262494514754102252677
1196421522655767695236687887883619689313503058721055247286333021260650191792025213109622728476570412
0092820667849843624186236903628917756620563411159503428113904383034199097005140546835652156818209679
0422711332288985725459606339912971024817175242149551127474721970546692758955168740903802146296136715
7787112166365155973714708272359096056730306442121461476834201654235677826596089319925502727516480727
9103368296353390550448177665586851276528928664649111109617981789046337861371576605384444630600025895
5296386396096262658263128196482531106092098196027523343836404120911791124421175361706171366572240299
0155799802841390808823513052312447315847768634234619942376769459196639551720849649856012562531355251
0505379538164938318491966553307704611729596390409074260880501716445561857906477159103002156321358004
0104145964229712529671883977457314415833117030376371539885472812356798363146249127113072407875418156
3268685074510663436294897861031310094318143966613473235494012897432512257207650241209579073710094388
2211457758474570545897148026325703965313614878245569644309859167954107272849824741407034910740650042
5488214236914307536661449429659234268344149782661287585756766708061294398529894062607870104159149750
1980382872324407931102918133170876014672384979162022328837744197546617662047196094097052774025883586
8122595724461767929884259959961002311775331266109410175902517629833477433268319013020569815287339785
5982176619128411730985034465124189389846908197400564350238503719905169918724010783567430003896087066
2668217195535603319036890030102724055934296711148375374584384588105697413283483152037710704496410496
7066703362680408509549305966018648769984267320441384596094544901495427707070578360914985172444723229
0310287950830440580935118718133595616420595565749025042901935889536902611398986818097887543943535375
1376515881579376392836929445511668297327021648712060212886652683415599910157676472298120995765728941
3475098898645652203684995154214477324491342138820908830705349678274117674124151315285478150618538003
2963347272742318306178932064969357824347769587413146753612751562779630448360854566766404735047639283
1995298006155810835832863425563830008186702440330416624111860089219639456804473149764613684748836076
5817390637579145211823793126978930746452059960438787535778811616202812371067287286604164485959224839
5894773522870562271043318751097921583503446945964883192134249128965999497320331922270510287675481386
6675485819324268774186520575639836520375830945154809404760440907977278105092221610705184390552958066
0138241270493862044851579197111212590203571343240642429563343244741759558720962893654358841834374018
2727955969051502675512542782079799667345957640381664969028249839225014257627023244123361328507251786
3767316252654696815790392355580996132730346156262446704622681715160252986707660464197857585126861205
9438976074017750954654084245607540915086321812276457938970155029168154660241613944988305973642480962
4406306244795133053194979695867805555727738264609178513854457702992959660487368269116331942268653694
5515888636774722640857216966630932998199605932971509688327532735241039773973278195237100687616481980
7704605687611249125652373415177345475749490228403595442947742229464303942904588679252985856728727601
5343324913577908335061581488810798334233720948413128403339977180513717173189397490961739970469472587
8444835488471270587722164175823133484587149392523622925879643474524555746966060652740334450566588339
8741132579706734996010548574172156229493817359848840215573257375534490216667080850960858749511918182
8197931647725129578606940960035624395873959232342108902851553334264335027160736077633691128981231795
5633185748170066615541643167045023290282270093459626228225120734654950050702608698221053161177687290
4774258591779323822311649133424579889425652906032020326509775396737948714855245787158415608213711842
5476818268323035892988085838252129328963406468677524014843991062272362669335134261923724501848197374
1897215406417692743811995376601444856451017397396417899698609191911359966057798066039205146074555347
0574238856527155983541165972634755752250139488488269131196425856261499153703824073333732043097768893
6289696454655358512538921878519358374907977961208780572151494097626374845398628950905911918623392207
1511696667252145264712463351571840908051208005640995123972835129592728270908144152982173929578671815
3523736050791815899886834527346666170715879647408031499825080046358068828503172351373990063140352635
6022939469434606664374906072311127128524648449411631873280771130621136957279083350902542573066248132
3570713984822850116880925502130609069130981079649673794577278532426425064207683625366677767555628333
3939578654362718749603358268627036924926932657327599801110005155323415959775244182226189628874312710
2676720957992707955151229462135415970996254384807520344765047158029090463766046558665254837441715810
2131251293110059129751910231211063301658373792749072801234289311325326949684364538044210175096170159
5919457575747583392056775677722660256265062292310672453076248433797662705115794238736704254969192845
5259710756335357485953259399337970581629518779417634250733055978245759833991403884366044324006157276
8297514743974292501058752568065625904599080271122182315551651768086628137214330800370033228556608470
6810390339705195826328094485862394535461470798632106133943945703943804032537657692778943191009004047
6921053365146040142473107201137984409712316600767620901447340433700968730451957782558825562965754278
6561942557782058295829236161880819048235715586863956137230817214364381300041321147165609456534699799
0707550476816995706071748113176539705487396102908718274968049187274204956121377306260423597371122299
0775608581670468611145768321021923785847129618033242605080184980425373377731268812282178192365346060
5603567932798623984716906181205464754895478769899927517588914444983553935435864496392435885379821433
9527536749785249141686013477894896340679176651221500141884216309001594463339994853208953263890219947
1136337922341034699673311677269608437685507896793521962633556434369709317069556076761645345472239898
3065031219804184724264236428131909248762303911142817852282305248088062207223959473721329016204787688
6878599648628720319541966645057303627924632037476775372603214505766194588707155348201284008385076597
5954508917768089812657422319646300402369362689430120471372711759574988558298493306745847609441283337
2188566695413297150666267055143776936634392529596111102867120072024559102451091090326714949819421794
2817934065277584466345337220109121722145593766189437052635100462776572565920246175202389743260055955
0178332584868999360798487045069176799359374403946408303736060148860849079388413685283061537012424462
6325144881121031421751887817941515263840911225288375056618632397913787655300730950556057121988192778
8519053486401042462456185174460045212899151145512939130448818984841604615402119017075681429831522910
7322836084937830639638452696944391649701693429291320330162341903106153722155668473236533774604067200
7843614244260781975437347642737203763882145841484601913443899827802058695073214644936999516793350557
3857368011923603768118723335104096149731539114983074820736511893940655782019043223023332470739201354
6212760250826112312616324888995729893762974549303646871912038187692082832308981388158814458220673231
8297168157245000000152911371785090255618444218299874781224890567086700900436551584826691362483550542
9608070633699879509822104016481880442877383638164321269428946420362586314417064625540263558243017646
4489880315388824527905040433335384951632111978718093391373265306011987561786880023009156182980365774
4916093659520149118941843368750926322399821374556114042886050537666081126003083566910627153123455068
8269177682938440134808735437882603359101570908599144920749269996996489971842859693259140849932312342
6698069087261760723483893595382804056129965082695826418696561308761238595143468239484002730086966101
6831139500168094149150762839762053440777946207266292508177602991406884133373125523561781703211920613
6385277895613371844490295026480164403734167812778221021798213486298579736383182856053970798661770673
6820506821223552165058714692182192596790898436998480220509386948424959881145788707152386767382097461
9177987682996872258937085806235040566957900124825544286796325942328946338915624152857256292693358951
3818655078468509574430349189117972038593401536415471553132593678136750094214105276981987809270452388
8562258660598678744227585485965594282491165020002453931321551305570836821444889669972736774620258254
3183281231239204910601836472387508276817225775458472629052918768316082717217337399205222999362165914
3882325539835844617773264309544979127997029271205397871375298832201256083200487978889753585238600304
4361995171523910292950143748309309671397191260221321767201911166122019072587339304936653802748124211
4086825095229462093556103995297013712436585856423041202706159273874029907166906322481554203403010956
7975649157955462347124760108018103068317641726808081571290150713806713073510458474362130096258857669
4703180533962746662159183270004666145901107977140049388194905315204998094976987313797166984166123740
