[..#..#.#.] (0,2,3,5) (0,6) (1) (0,1,3,4) (0,1,2,3,4,5,7) (0,1,2,3,4,5,6) (0,1,2,4,5,6,7) {39,25,26,19,19,26,27,10,0}
[...#] (0,1,2,3) (0,1,2) (1) (1,3)
[..#..] (0,1,2,3) (3,4) (0,1,2,3) (0,1,2,3,4) (1,2,4) (0,2,3,4) (0,3) (1,2,3,4)
[######] (0,1,2,3,4,5) (0,1,2,3,4,5) (0,1,2,4,5) {17,17,17,16,17}
[#.#.#] (3) (4) (1,3) (0,1,2,3,4)
[#....#...] (3,8) (0,5) (0,3,5,7) (3) (0,5) (3,8) (1,3,4,6,7) (0,1,3,4,5,6,7,8) (0,3,4,5,6,8) (6) {32,21,0,54,23,32,37,25}
[.##.......] (0,8) (1) (2,3,6,7) (0,2,3,6) (6) (4,5,6,7,9) (0,1,2,3,4,5,7,9) (0,1,4,6,7,9) (8) (1,2) (3,6)
[#####] (3) (0,1,2,3,4) (2,3) (2,3) (0,1,4) {11,11,17}
[##.##.] (0,1,2,3,4,5) (0,2) (5) (0,1,2,3,4) (0,1,2,3,4,5) (0) (0,1,2,3,4,5) {31,30,30,30,30}
[###..###] (4) (0,1,2,4,5,7) (0,1,2,3,5,6,7) (0,1,2,5,6,7) {28,28,28,7,16,28,13}
[#...#.#.#.] (0,1,3,5,9) (1,2,3,4,5,6,9) (0,1,2,4,7,8) (1) (0,3,4,5,6,7,9) (0,4,6,8) (1,5,6,9) (1,2,4,5,8,9)
[..#.....#] (2,3,4,5,6,7,8) (4) (3,4,5,6,7) (1,3,5,6,7,8) {0,9,10,26,19,26,26}
[#....] (0) (0,3) (1,2,3,4) (0,1,2,3) (3)
[.###...] (1,2,3,4) (0,1,2,3,4,5,6) (0,1,2,3,5,6) {16,24,24,24,22}
[...#.####] (1,3,5,6,7,8) (1,3,8) (0,1,3,4,5,6,7) (6) (0,1,2,3,4,5,7,8) (0,2,3,6,7) (0,1,2,4,5,6,7) (1) {44,66,34,54,34,42,44,52}
[.#.#..] (3) (5) (0,1,2,4,5) (0,1,2,3,4,5) (1,3) {19,24,19,22,19}
[........] (0,4,7) (4) (0,1,3,4,5,6,7) (0,2) {29,3,13,3,31,3,3,16}
[.#.###] (1,2,3,4) (1,2,3,4,5) (0,1,2) (1,3,4,5) {15,36,30,21,21}
[#.#.##] (0,2,3,4,5) (1) (0,1,2,3,4,5) (0,2,4,5) (1,2,3,5) {38,29,46,32,38}
[..#.##] (0,1,4) (1,3) (2,4,5) (1) {9,17,4,0}
[.#.#] (1,2,3) (0) (1,2,3) (0,1,3) (0,1,2,3) (0) (1,2) (0,2,3) (0,1,2,3) (0,1,2,3) (0)
[#..#.#] (0,4) (0,3) (1,3,4,5) (1) {15,19,0,14}
[#.#.] (0,3) (2,3) (0,1,3) (1,2,3) {10,9,7}
[...#..##.] (4) (2) (1,2,3,4,5,6,7,8) (5,7) (0,1,2,4,5,7,8) (0,1,3,4,5,6,7,8) (1,3,4,5,6) (8) (0,1,2,3,4,5,6,8) (3) (2,3,5,7,8) (0,3)
[.#.#] (3) (1) (0,1,2,3) {12,16,12}
[#..#.] (0,2) (0,1,2,4) (0,3,4) (1,2,3,4) (0,1,2,3,4) (3,4) (0,3) (1,3,4) (0,3) (2,4) (3)
[..##...] (0,1,2,3,4,5,6) (0,1,2,3,4,5) (0,1,2,3,4,5,6) (0,1,3,4,5,6) (0,1,2,4,5,6) (1,2,3) {29,36,34,24,29}
[...#.#.] (3,5) (0,2,3) (0,1,2,3,4,5,6) (1,2,3,5,6) (0,1,2,3,4,5,6)
[##..#....#] (9) (1,2,3,4,5,6,7,8) (0,1,4) {2,6,4,4,6,4,4,4,4}
[###.##] (1,4) (2,4,5) (2,3) (0,2,5) {0,11,14,12,13}
[.##..#] (0,1,2,3,4,5) (0,1,2,3,4,5) (0,1,2,3,4,5) (0,5) (0,3,4) {54,37,37,41,41}
[...#.##] (0,1,2,6) (0,1,2,3) (0,1,2,4,5,6) (0,3) (5) (5,6) (0,1,2,5,6) {37,27,27,16,7,19}
[.#..#.####] (0,1,2,7,8) (0,1,2,3,5,7) (1,6,8) (7,9) (1,4,6,7,8,9)
[..#.#.] (0,1,3,5) (0,1,2,3,4,5) (2,4) {22,22,21,22}
[......#] (0,1,2,3,4,5,6) (2,3,4,5) (0,1,2,3,4,5) {17,17,19,19,19,19}
[#####..#..] (0,2,4,5,6,8) (1,3,5,6,7,8) (4) (1,3,5,8,9) {3,21,3,21,10,24,11,8,24}
[..###.#.##] (9) (0,2,4,5,8) (0,1,2,4,5,6) (0,1,2,4,5,7,9) (1,2,4,5,6,7,8) (0,2) (0,1,9) (3,4,6,7,9) (0,1,2,3,4,6,8) (0,1,3,4,5,7,8,9) (2,3,4,6) (0,1,3,4,5) {62,39,54,51,77,48,32,37,24,43}
[####.#...] (0,1,2,3,4,5,8) (0,1,3,4,6,7,8) (0,1,2,3,5) (3,8) {15,15,11,21,7,11,4,4}
[.##.#] (3,4) (0,1,2,3,4) (0,3) {9,8,8,18,17}
[....#.] (0,1,2,5) (5) (4) (0,2,3,4,5) (1,2,3,4) (0,1,4,5) {23,30,23,21,36}
[#.#...#.] (0,2,3,4,6,7) (0,1,2,3,4,7) (0,1,2,4,7) (1,2,3,4,5,6) (4,7) {24,22,35,35,44,11}
[.##.#] (0,1,2,4) (2) (4) (0,1,2,3,4) (0,1,2,3,4) (0,1,3,4) (1,2,3,4) (1,4)
[##..#.#.#] (0,1,2,3,4,6,7,8) (0,2,4,6,7) (1,8) (1,2,3,4,7) (1,6,7) (0,1,2,3,5,6,7,8) (3,5) (5) (2,5) (0,4,6)
[##.#] (0,1,3) (2) (0,2)
[#......] (0) (0,1,2,3,4,5,6) (0,3,4) (1,3,4) (5,6) (4) {27,13,12,28,39,24,24}
[###...] (0,1,2) (0,2) (1,2,3,4,5) {15,23,24,9,9}
[#....] (2,3,4) (0,2,3,4) (0,2,4) {25,0,36}
[....#..#.] (2,7,8) (0,1,3,4,6) (2,4,8) (1,5) (3,4,5,7,8) (3,5,7) (5) (0,2,3,4,5,7,8) {13,3,30,31,24,43,1,44}
[###.##.#] (0,1,2,3,4,5,6,7) (0,1,3,4,5,6) (1,2,3,4,5,6,7) (0,1,2,3,4,5,6,7) (0,1,2,4,5,7) (2,6,7) (1,5,6,7) (0,1,2,3,4,5,6,7) {44,67,46,55,57,67}
[....###] (4,6) (0,1,2,3,4,5) (0,1,2,3,4,5,6) (0,1,2,4,5,6) (4,5) {14,14,14,9,26,24,11}
[#..#.##..#] (1) (9) (0,3,5,6,9)
[..#..##] (0,3,5) (3,6) (1,2,3,5) (2,5,6) (0,1,2,3,4,6) (0,1,3) {23,29,34,33,13,24,26}
[###.#..##.] (2,3,4,5,7,9) (0,1,3,4,7) (0,2,3,4,5,6,8,9) (0,1,3,4,6,7,8,9) (0,3,4,5,6,7) (0,4,5,8) (0,4,5,6,7,8,9) (1,5,6)
[........] (0) (3,5,6) (0,1,2,3,4,5,6,7) {24,15,15,25,15,25,25,15}
[######...] (0,1,2,3,4,5) (0,1,3,4,5,6,7,8) (0,3,4) {37,24,14,37,37,24,10,10}
[..###] (0,1,2,3,4) (0,1,2,3,4) (1,2,3) (2,3,4) {17,24,33}
[.#.#..##..] (0,2,4,5,7,9) (0,2,5,6,7,8,9) (1,4,6,7,8,9) (0,2,4,8,9) (0,3,5,9) (0,1,2,6) (0,1,2,3,4,5,6,9) (4,5,8,9) (1) (0,2,3,8) {47,30,47,17,38,33,26,29}
[..##..##.] (0,1,2,3,4,6,7,8) (0,2,5,6,8) (2,3,6,7) (0,1,4,5,6,8) (0,1,2,3,4,5,7,8) {16,8,20,12,8,16,26,12}
[###.#.##.] (0,2,3,4,5,7,8) (1,2,3,8) (0,1,2,3,4,5,6,8) (0,2,3,4,5,6,7,8) (2,5,6) {17,15,35,31,17,21,19,16}
[######.#] (0,1,2,3,4,5,6,7) (6) (0,1,3,4,5,6) {15,15,4,15,15,15,28,4}
[.....#.] (5) (0,1,2,3,4,6) (0,1,3,4,5) (0,1,2,3,4,5,6) (2,3) (1,2) {13,16,11,15,13,26}
[###.#...] (0,1,3,6) (0,1,2,4) (2,4,5,6) {11,11,20,4,20,13,17,0}
[.#.###] (0,1,2,3,4,5) (0,1,2,3,4) (0,1,3,4) (1,2) (0,1,3,4) (0,1,3,4,5) (0,2) {24,30,25,18,18,8}
[##..##...#] (2,3,5,7) (3) (1,3,5,7) (3,5,6,9) (2,5,6,7,9) (0,3,5,7,8,9) (0,3,4,5,8,9) (0,2,4,7) (1,2,3,4,5,7,8) (0,3,4,5,6,7,8,9) (0,1,2,4,7,9) {36,33,57,44,47,44,7,65,18,28}
[#.#..##.#] (0,2,4,5,6,7,8) (0,1,2,4,5,6,7) (0,3,4,5,6) (1,2,4,5,6,7) (0,1) (0,2,3,4,6,7,8) (1,6,7) {34,23,18,15,25,17,26}
[.##.] (0,2) (1,2) (0,1,2,3) {14,16,26,4}
[..#......#] (0,1,2,6,8,9) (0,1,3,4,5,6,9) (1,4,5,6,8,9) (0,1,2,3,4,5,6)
[.#..#..##] (0,4) (0,1,2,3,4,5,6,8) (0,1,2,4,5,6,7) (0,2,3,5,6,7) {26,12,21,13,17,21,21,17}
[......] (1,2,3,5) (2) (1,3,5) (0,1,2,5) {9,23,32,14}
[#.##..] (1,2,3,4) (1,3,5) (2,3,5) (0,1,4) {2,22,15,29,8,23}
[.......#.#] (1,2,3,4,5,7,8,9) (7,9) (0,2,4,5,6,8,9) (3,5) (0,6,9) (0,1,2,6,7,8) (3,5,6,7) (0,5,7) (4,6)
[..##......] (1,4,5,6,7,9) (0,1,2,3,5,6,7,9) (0,1,2,6,9) (2,3) (2,5,8)
[.....] (4) (3,4) (0,1,3,4) (4) (4) (2,4) {10,10,3,25}
[.#####] (2,5) (0,1,3,4,5) (0,2) (1,2) (1,2,3,4,5) (1,2,3,5) (2,3) {12,20,50,26,16}
[#....###..] (0,1,3,5,6,7,8,9) (3) (0,2,3,4,8) (1,7,9) (4,8) (0,1,3,4,7,8) (3,4) (7) (0,1,5,6,7) (1,3,5,6) (0,3,9) {22,26,9,43,24,14,14,31,25,18}
[...#.##..] (3,5,6) (1,2,3,4,5,7,8) (1,2,3,4,5,6,7,8) (0,1,2,3,5,8) (1,2,3,5,6,7,8) (2,3,4,5,7)
[###.] (1) (0,1,2,3) (0,2) {10,19,10,8}
[.#.#..] (3) (0,1,2,3,4,5) (1) (0,1,2,4) {6,21,6,17,6,4}
[..#..] (2) (1,2,3) (0,1) {11,25,19,14,0}
[#...#...#] (0,1,2,3,5,6,7) (1,2,3,5,6,7,8) (3,4) (4) (3,5,7,8) {12,15,15,24,22,17,15,17,5}
[#.....##] (1,3,4,5,6,7) (0,6,7) (1)
[.##.#] (0,1,2,3,4) (0,1,2,3,4) (4) (1,2) {8,21,21}
[#..#] (0,3) (0,3) (0,1,2,3) (1,2,3) {31,10,10}
[##..#.] (3) (0,1,2,4) (0,1,2,3,5) (0,1,2,4,5) (0) (0,3) (1,3,4) (4) {25,26,21,18,31,13}
[#.##...#.#] (4,7) (0,1,2,5,7) (3,4,7,9) (1,3,4,5,7,9) (0,6,9) (0,2,5,8) (6) (1,3,6,7,8) (2) {18,15,16,18,29,17,17,42}
[.######] (2,3,6) (1,2,3,4,5,6) (0,1) (4,6) {14,19,8,8,19}
[#.###.] (2,3) (0,2,3,4) (0,1,2,3,4,5) (5) (2,3) {21,7,47,47,21,10}
[.#..] (0) (1) (1,3) (0,1,2) (0)
[##.#..###] (0,1,3,6,7,8) (0,1,3,4,5,6,7) (2,3,4,8) {16,16,15,31,24,9,16}
[.##....] (0) (1,3,6) (4,5) (4,5) (0,1,2,3,4,5,6) (0,2,3,4,5) (2) (0,1,2,5,6) (0,1,2,4,5) (1,5)
[#.##.###] (1,2,3,4,6,7) (0,1,2,4,5,6) (1,2,4,7) (0,1,2,3,4,5,6,7) (1,2,3,5,6,7) (0) (0,2,6) (0,1,2,3,5,7) (1,3,4,5,6)
[....#] (0,1,2) (4) (0,1,3,4) (0,1,2,3,4) {18,18,13}
[..##..#.##] (0,1,2,3,4,5,6,9) (0,9) (2,3,5,6,7,8,9) (0,1,3,4,7,8,9) (0,4,5,6,9) (0,2,4,5,6,9) (5,7) (6) {29,7,24,17,26,38,39,24,16,39}
[..#...] (0,1,3,4,5) (3) (2) (0,1,2,3,4,5) (1,2) (3) {20,22,25,47}
[#.#.#] (0,3) (1,3,4) (0,2) (0,4) (2,3,4) {34,13,30,40}
[...###] (0,1,3,4,5) (1,5) (0,1) {17,23,0,13,13,19}
[..#...#...] (6,8) (0,3,4,5,7,8,9) (2,6) (1,8,9) {13,12,8,13,13,13,19,13,36}
[#.##.#.##] (2) (2,3,4,6,8) (6) (0,2,3,4,5,8) (5) (0,3,4,6,8) (2,3,4,5) (0,1,4,5,6,8) (0,2,3,4,5,6,7,8) (4,6) {28,14,13,20,45,23,44,1,33}
[#####.###] (0,1,2,3,4,7,8) (0,1,2,3,5,6,7,8) (0,1,2,4,5,6,7) (3,4,5,8) (0) (0,1,2,3,4,6,7,8) (2,3,6,7,8) (2,3,4,5,7) (0,1,2,4,5,6,8) (1,7) {35,28,50,44,33,33,32,46}
[.#....##.] (0,1,3,4,5,6,8) (2,5,7,8) (0,2,3,7,8) (2,4,5) (1,2,3,6,7,8) (0,2,3,4,5,7) (0,1,2,3,4,5,7,8) {28,21,51,41,32,36,17,41}
[######] (3) (1,2,5) (0,1,2,3,4,5) (0,1,3,4,5) (0,1,2,3,4,5)
[#####] (0,1,2,3,4) (2,4) (0,3) (0,1,2,3,4) {38,28,32}
[.....#] (1) (1,5) (0,5) (0,1,3,4,5) (0,2,4,5) (5) {30,14,14,13}
[....] (0,1) (0,1,2,3) (0,1,2,3) (0) {38,33,22,22}
[....] (0,1,2,3) (0) (0,1,2,3) (1,2,3) (0,2,3) {37,27,30}
[..#..#..#.] (2,5,8) (0,1,2,4,6,7,8,9) (1,3,4,5,6,7,9) {5,8,6,3,8,4,8,8}
[##..#.#] (0,1,2,3,4,5,6) (0,1,3,4,5) (3) (0,2,4,6) (5) (0,1,2,3,4,5,6) (1,3,5,6) (3,5,6) (4,6) (0,1,3,4,6)
[##..##] (0,1,3,4,5) (3) (0,1,3,4) {18,18,0,18,18}
[.##.##.] (6) (6) (1,2,4,5,6) (0,1,2,3,5,6) (4,5,6) (2,3,5,6) (0) {18,14,19,8,12,20,40}
[##.##] (2) (0,1,2,3,4) (0,1,2,4) (4) (3) (0,1,3,4) (0,1,2,3,4) (0,1,2,3,4) (0,1,2,3,4)
[####.] (2,3,4) (0,1,2,3,4) (1,2) (2) (0,1,2,3,4) (4) (0) {17,21,36,22,26}
[###...##.] (5) (0,1,3,4,5,6,7,8) (6) (0,2,4,5,6,7,8) (0,1,2,3,4,5,6,7) (0,1,2,5,7) (1,3,8) (6) (1,4,6,7,8) {21,28,20,17,14,25,29}
[###.##.##.] (1,2,8) (0,1,2,4,6,8,9) (1,4,5,7,8,9) (0,1,2,3,5,6,7,8) (0,5,6,7) (4,6) {30,39,38,9,26,16,40,16,39,16}
[.#......] (1) (3,5,6,7) (3,4) (0,1,2,4,5,6,7) {8,10,8,6,13,9}
[....#.#.] (0,1,3,4,5,6,7) (0,1,2,3,4,5,6) (4,5) (4,6) (1,2,3,4,5) {12,21,16,21,37,25}
[##.#####.] (8) (0,1,7) (1,2,3,5,6,7,8) (1,2,8) (1,3,4,5,7) (8) (0,1,2,3,4,5,6,8) (0,1,3,4,5,6,7,8) {28,52,26,38,29,38,27,35,55}
[#...] (0,1,2,3) (0,1,2,3) (0,1,2,3) (1,3) (0) {26,19,18}
[.#.#.##.] (0,1,2,3,4,5,6,7) (0,1,2,4,5,6,7) (0,1,2,3,4,5,6,7) (3) (0,1,2,3,4,5,6,7) (0,1,2,3,4,5,7) (2,3,5,6,7) (3,4) (2,3,6,7) (0,1,2,3,4,5,6,7) (1,2,6,7)
[..##.#...] (0,1,2,3,4,5,7,8) (0,2,4) (0,2,7) (4,6,8) (4) (3,7) (0,1,2,3,4,6,7,8) (2,3,4,5,7) (3,6) (0,1,2,3,4,6,7) {20,15,33,39,50,14,40,30,29}
[#...#..##] (0,1,3,4,5,6,7,8) (0,2,3,6,7) (0,2,3,4,5,6,8) (6) (0,2,5,6) (2,4,6) (1,2,3,4,5,6,8) (1,2,3,4,5,6,7,8) (0,1,2,3,5,6,7) {29,42,40,48,36,47,62}
[#...] (0) (0,1,2,3) (1,3) (1) {6,19,1}
[#....##.#] (3,5,6,7,8) (0,5,6,8) (1,4) {8,7,0,11,7,19,19}
[.#..###.] (0,1,2,3,4,6,7) (0,2,4,5,7) (0,1,2,3,4,5,6,7) (0,1,2,3,4,5,6,7) (0,1,2,4,5,6,7) (5,6) (1,2,3,4,5,7) (1,4,5,6) (0,1,2,3,4,5,6,7) (0,1,5,7)
[........] (0,1,2,3,4,5,6,7) (0,1,2,3,4,5,6) (0,1,2,3,4,5,6,7) {18,18,18,18,18,18,18,12}
[#.#.###.] (1,2,4,5,7) (0,1,2,3,4,5,6,7) (1,2,3,4,6,7) (1,2,5,7) (0,1,2,3,5,6,7) (1,2,3,4,5,6,7) (0,1,3,5,7) {22,72,61,47,43,58,36}
[##.#.#.#] (6) (5,6) (2,5,6,7) (0,1,3,5,6,7) (1,2,5,6,7) {7,17,20,7,0,32,34}
[######] (1,2,3,4,5) (0,1,2,3,4,5) (1) (0,1,2,3,4,5) (0) {5,15,3,3,3,3}
[......] (1,2,5) (1,2,4,5) (0,5) (0,1,2,3,4,5) (4,5) (4,5) {26,37,37,15}
[####.##] (0,2) (4) (0,1,2,3,4,5,6) (0,1,2,3,4,5,6) (1,2,3,4,5) {22,23,35,23,30,23}
[.##.#...#] (0,1,3,4,8) (0,2,4) (0,1,3,4,5,6,7,8) (0,1,8) (4,8) (0,1,7) (0,2) {47,32,15,29,50,14,14,16,40}
[.#.#] (0,1,2,3) (0) (1,3) {7,15,1,15}
[...#.....] (0,1,2,4,5,6,7,8) (0,1,3,5,7) (3,6) (0,2,4,6,7,8) (0,1,3,4,5,7,8) (2,3) {9,5,9,19,8,5,16,9,8}
[.###.##] (0,1,2,3,4,6) (1,2,5) (3) (0,2,3,4,5,6) (2,3,4,5,6) (0,1,2,3,4,5,6) (0,2,3,5,6) (0,4) (0,1,2,3,4,5,6) {26,17,43,44,33,39,34}
[#.....#...] (3) (3,7) (0,6) (0,1,2,3,4,7,8,9) (1,6,7,9)
[...##.##] (0,2,4,5,6,7) (0,4) (0,1,5,7) (1,2,3,4,5,6,7) (5,7) (0,1,2,3,4,5,6,7) (0,1,2,3,4,5,6,7) (2,3,4,7) (0,1,3,4,6,7) {35,29,34,26,42,37,32}
[..#..#.] (1,4,5) (0,2,6) (0,1,2,3,4) (1,3,6) (0,4,5,6) {34,25,21,24,25}
[#.##.#..##] (0,1,2,4,5,8,9) (0,2,3,5,8,9) (0,1,2,3,5,7,8,9) {18,3,18,16,2,18,0,1}
[####....] (1,2,3,4,5,6,7) (0,1,2,3) (0,1,2,4,5,6,7) (0,1,2,3,4,5,6) (1,2,3,4,7) (0,1,2,3,4,5,6,7) {28,35,35,35,26,23}
[.....##] (1,2,3,4,5,6) (0,1,2,3,5) (0,1,2,3,4,5) (5,6) {20,22,22,22,10,33}
[##........] (1,2,6,8) (1,2,3,4,6,7,8,9) (0) (3,4,5,8) (0,2,4,5,6,7,9) (0,4,5,8) (0,1,4,6,9) (1,2,3,4,5,6) (2,3,6,8) {21,27,31,29,42,32,35,10,29}
[.###..###] (0,1,2,6,7,8) (1,2,3,6,7,8) (0,1,2,8) (0,1,3,5,8) (1,3,4,5,7,8)
[###.###] (3) (0,1,2,3,4,5,6) (1) (2,3,4,6) {10,22,11,23,11}
[###.####] (3) (0,1,3,4,5,6,7) (0,1,2,3,4,5,6,7) (5,6,7) (0,1,2,3,4,5,6,7) (0,1,2,3,5,6,7) (0,1,2,3,4,5,6,7) (1,3,4,5,6,7) (0,1,2,4,5,6,7) {35,41,26,50,38,50,50}
[########] (0,1,2,3,4,5,6,7) (0,1,2,3,4,5,6,7) (2) (0,2,5) (2) (4) {27,18,37,18,32,27}
[####.####] (0,3,5,6,8) (4,7) (1,2,4) {6,3,3,6,4,6,6}
[########] (0,1,2,3,4,5,6,7) (0,1,2,3,4,5,6,7) (1) (7) {26,27,26,26,26,26,26,36}
[##.##.] (5) (2,5) (0,2,4) (0,1,2,3,4) {25,15,35,15,25,16}
[.###.#.] (1,2,3,5) (0,2,3,6) (0,2,3,5,6) (0,2,3,5,6) {20,5,25,25,0,13,20}
[.###..####] (4) (1,2,3,6,7,8,9) (0,1,2,5,6) (0,1,6,7) (1,2,3,4,6,7,8,9) (1,2,8) (0,5,6,7) (0,4) {19,27,24,23,25,10,36,35,23}
[#...##] (0,1,2,3,4) (0,2) (4) (0,1,2,3,4) (1,2,3,4,5) {28,14,28,14,15}
[#......] (3) (0) (1,3,4,6)
[.#.######.] (2,7) (1,7) (1,2,4,5,6,7,8,9) (0,2,3,4,5,6,8) (1,2,3,4,5,6,7,9) (1,6,8) (5,8) (4,8) (1,3,4,5,6,7,8,9) (1,3,4,5,6,7,8) (0,1,3,5,7,8,9) {24,52,36,44,39,59,46,57,65,21}
[#######] (1,6) (0,1,2,5,6) (3,4) {6,20,6,6,6}
[#.#.##.##] (0,4,5,6,8) (0,2,3,4,6,7,8) (0,1,3,4,6,8) (1,2,3,5,6,7,8) (1,2,7) (0,1,2,4,5,6,7) (0,2)
[.....] (0,1,2,3,4) (0,1,2,3) (0,1,2,3,4) (0,2,3,4) (0,1,2,3,4) (2,4) {35,33,36,35}
[####..] (1,2,3,4) (1,2,5) (5) (0,1,2,4,5) (0,1,2,4,5) (0,1,2,3,4,5) {8,24,24,13}
[.###..##] (0,1,2,3,5,7) (5) (2,4) (3,6,7) (1,2,3,4,5,6,7) (4) (0,1) (0,1,2,3,4,5,6,7) (0,2,3,4,7) (0,1,2,3,4,5,6,7) {23,29,38,31,40,36,23,31}
[.....#.#..] (5,7) (0,3,4,9) (9) (0,3) {9,0,0,9,4,2,0,2,0}
[.###] (0,1,2,3) (0,1,2,3) (0,1,2) (0,1,2) (0,3) {41,35,35,24}
[...##...] (0,1,2,5,6) (0,1,2,3,4,5,6,7) (3,4,5) (7) (0,1,2,3,4,5,6,7) (2,5) (0,2,5,6,7) (0,1,2,3,6,7) {33,29,39,41,40,53,33}
[#.###] (0,1,2,3) (0,2,3,4) (0,2,3) (3) {25,14,25,27,4}
[...#] (0,1,2,3) (0,1) (3) {6,6,3,18}
[..##.##.] (2,3,5,6) (1,3,4,5,6,7) (0,1,2,4) {13,17,21,12,17,12}
[.#.##] (0,1,2,3) (0,1,2,3,4) (0) (0,2) {42,22,29,22,14}
[#.##.] (0,3) (0,2,3) (0,1,2,3,4) (0,1,2,3,4) (1) {40,11,25}
[#.##] (0,1,2,3) (0) (0,1) (0,1,2,3) {27,24,14,14}
