0:
.#
##
#.
##

1:
#.
##
#.

2:
..#
.##
##.
#..

3:
.#
##
.#

4:
##
##
#.
#.

5:
.#.
##.
.##

48x45: 43 13 11 48 12 45
46x43: 68 15 48 10 70 37
46x41: 29 37 10 29 12 48
43x49: 47 45 26 34 9 77
40x42: 71 28 41 7 29 2
45x47: 72 40 27 63 50 20
49x39: 71 68 33 74 13 6
46x42: 63 11 6 14 19 80
40x48: 76 59 67 32 0 7
43x45: 58 0 33 64 22 64
38x44: 25 19 47 20 69 67
35x45: 46 39 30 7 15 36
37x37: 68 16 16 60 70 21
43x48: 25 39 51 47 56 66
49x38: 2 75 70 29 37 7
35x37: 8 4 42 9 65 30
43x50: 73 73 60 31 25 3
48x41: 45 54 52 59 6 12
36x47: 13 31 24 24 68 57
39x48: 9 56 70 12 6 69
35x37: 21 52 62 61 27 51
36x40: 33 58 36 54 71 10
50x39: 7 74 69 7 40 3
36x50: 20 7 65 10 23 8
37x42: 72 31 74 76 1 19
37x48: 40 33 26 40 30 33
47x39: 40 9 1 58 79 36
38x37: 16 44 8 31 47 36
40x49: 78 67 1 70 38 13
39x43: 70 19 34 36 13 22
45x41: 64 62 32 6 11 54
43x36: 33 20 56 70 54 17
35x38: 19 69 4 47 74 9
48x39: 5 45 26 31 13 45
48x39: 20 22 52 3 22 42
48x42: 13 48 4 60 28 25
49x46: 29 28 3 24 51 42
43x37: 65 51 68 42 3 14
43x40: 4 13 76 55 44 40
48x38: 32 5 55 0 66 68
41x46: 42 79 40 15 38 64
44x48: 70 16 24 53 48 22
44x47: 36 26 55 74 38 10
45x49: 65 60 21 10 36 65
45x37: 39 28 25 18 3 5
42x50: 58 53 80 73 24 49
50x47: 0 13 54 28 22 66
49x36: 15 58 17 59 67 71
45x49: 64 54 70 57 20 60
49x43: 35 66 62 80 30 35
49x37: 42 40 69 10 17 19
42x47: 8 53 52 42 69 59
48x36: 74 2 73 48 30 0
46x44: 53 68 69 77 28 62
42x43: 43 51 21 59 8 39
35x47: 10 54 17 59 23 6
43x47: 43 48 35 53 32 10
50x35: 44 28 8 5 3 31
41x35: 60 14 72 13 7 4
46x40: 14 20 39 13 74 3
44x47: 9 75 80 31 13 38
38x36: 47 8 64 43 0 26
50x38: 58 19 55 22 66 20
43x50: 75 34 41 31 11 35
49x42: 48 43 3 63 41 23
50x41: 35 76 35 71 1 66
41x37: 71 30 60 41 7 1
35x37: 31 39 74 23 7 8
46x48: 45 58 34 39 32 29
38x41: 23 24 27 61 35 75
44x38: 46 22 38 1 68 16
43x36: 16 62 13 1 73 36
50x50: 6 32 61 14 8 51
50x37: 19 19 72 38 10 31
38x48: 28 66 48 57 56 38
48x44: 12 26 80 27 33 10
40x42: 0 52 57 76 30 2
36x42: 58 9 29 33 50 12
41x48: 19 34 18 9 7 21
44x44: 38 51 34 64 69 31
49x37: 41 77 32 3 11 29
35x43: 22 60 66 56 17 11
48x50: 52 42 41 13 20 42
48x50: 70 4 58 11 40 32
45x38: 65 0 69 59 52 6
41x46: 56 6 26 34 70 16
44x49: 3 80 77 30 20 39
35x48: 14 59 15 19 63 37
43x48: 31 58 70 18 49 24
39x37: 53 43 64 34 0 18
44x50: 61 44 42 70 69 48
49x45: 30 73 49 29 52 5
45x50: 49 19 63 4 16 64
45x38: 67 58 1 18 52 19
37x50: 79 50 10 42 68 48
45x50: 8 30 80 36 29 11
48x38: 12 56 21 38 3 5
45x36: 18 31 67 52 36 21
40x40: 48 79 30 63 37 2
42x49: 1 59 36 69 20 9
49x46: 54 32 58 38 25 49
50x38: 73 37 37 2 50 35
35x36: 36 29 77 45 28 24
43x39: 5 39 56 4 74 46
39x37: 53 22 25 16 69 46
43x40: 61 37 43 14 59 9
39x42: 50 71 46 11 50 1
43x38: 33 74 48 47 13 29
50x35: 41 78 28 8 59 38
48x38: 38 63 14 12 30 68
39x47: 69 53 75 19 56 6
38x50: 35 4 47 27 56 56
42x46: 69 45 7 50 35 24
38x49: 76 2 6 42 31 16
41x37: 75 27 29 42 18 76
35x43: 16 69 32 22 14 3
39x35: 75 41 2 22 33 3
39x48: 60 57 46 65 75 1
49x42: 66 38 58 3 7 61
47x48: 56 9 10 41 77 18
37x39: 70 41 48 76 1 0
49x48: 70 27 55 57 29 52
45x49: 40 54 40 32 47 19
50x37: 55 12 47 16 71 0
45x38: 54 6 36 76 39 45
38x41: 13 44 71 47 7 48
43x42: 79 78 71 3 77 34
35x40: 43 44 0 23 18 72
47x37: 3 11 67 27 48 53
49x45: 41 72 76 10 6 19
40x36: 54 62 56 13 2 1
38x46: 75 62 67 21 2 0
42x47: 26 38 27 17 32 37
45x38: 22 16 48 68 29 64
46x37: 55 2 58 9 40 73
48x47: 14 51 2 41 21 79
49x46: 31 55 75 51 67 10
47x44: 21 9 65 14 67 65
41x46: 18 30 13 18 32 25
40x39: 22 80 63 59 72 74
49x45: 19 56 8 60 56 80
44x43: 9 39 59 57 4 7
46x44: 11 78 76 64 49 59
36x49: 24 41 77 60 64 19
36x49: 43 10 64 22 5 31
49x49: 46 47 36 49 52 43
36x45: 49 36 32 77 13 0
45x37: 44 39 50 16 38 11
37x44: 42 16 67 11 54 32
46x35: 27 43 62 24 14 8
39x37: 64 69 67 2 21 12
39x47: 79 21 56 5 26 11
42x49: 57 29 68 30 39 60
41x46: 56 59 36 48 64 16
48x40: 17 32 6 61 47 70
38x38: 34 57 65 18 53 6
37x42: 3 53 6 50 64 47
42x47: 3 40 12 42 18 17
36x44: 17 60 57 78 0 10
35x43: 77 67 27 3 12 1
42x44: 79 58 8 14 63 0
42x39: 45 30 73 26 2 1
46x37: 64 70 2 49 60 5
47x46: 8 44 30 80 13 74
45x39: 22 59 61 80 11 51
39x37: 4 37 25 5 25 5
45x44: 69 60 32 4 24 36
46x36: 15 47 55 51 56 49
45x40: 66 34 10 54 10 55
40x44: 37 39 57 77 11 1
40x49: 45 78 55 35 20 6
36x37: 65 20 3 18 56 1
39x37: 46 49 72 4 38 2
49x46: 73 17 67 46 50 40
43x42: 23 63 66 49 71 15
43x43: 78 36 62 25 15 17
37x49: 11 40 44 8 70 69
44x44: 22 46 65 28 15 25
39x42: 70 73 47 59 70 4
37x37: 61 67 52 52 18 1
39x45: 66 44 16 70 23 8
48x36: 38 21 20 41 28 44
44x37: 70 35 16 80 19 39
37x40: 21 79 77 43 18 0
36x35: 73 33 26 73 13 0
50x44: 31 51 38 58 9 7
40x49: 43 77 18 40 40 44
47x39: 13 40 30 59 15 34
49x42: 49 78 53 31 10 20
45x41: 65 59 63 39 63 2
37x47: 27 74 45 6 6 36
50x50: 13 55 17 33 46 51
46x36: 24 46 70 36 9 49
49x43: 78 15 16 12 50 47
45x46: 65 51 64 5 5 4
39x45: 19 77 65 17 41 78
45x40: 38 75 43 64 65 7
44x50: 14 53 74 39 80 3
50x43: 74 73 29 6 74 61
40x47: 4 73 14 24 2 56
45x48: 52 64 78 60 7 17
41x45: 48 40 22 58 68 43
46x43: 31 35 71 38 28 19
44x41: 61 44 71 35 18 7
47x47: 18 37 5 36 10 44
49x43: 68 34 71 34 17 13
42x42: 28 29 6 12 52 42
50x38: 70 20 52 60 15 6
44x45: 11 73 29 68 4 22
48x40: 50 63 23 37 4 1
44x38: 58 69 67 63 17 64
49x43: 20 58 32 23 1 43
44x41: 51 54 65 41 11 51
38x40: 31 0 33 49 30 57
43x45: 1 33 46 30 7 15
49x44: 39 15 37 47 78 28
42x39: 77 47 53 60 4 2
41x42: 10 67 57 67 46 4
38x36: 25 73 68 19 21 41
49x38: 62 11 65 57 7 58
39x48: 59 39 2 50 32 0
41x37: 8 69 7 8 60 4
44x48: 53 47 48 57 55 3
47x37: 69 17 44 15 22 68
47x39: 0 2 38 59 69 54
47x42: 35 24 14 4 53 78
35x42: 4 57 76 43 0 3
36x47: 7 17 64 37 29 73
45x45: 66 28 52 38 35 7
40x48: 44 48 67 40 22 3
48x39: 68 60 30 28 19 9
49x36: 71 67 17 49 31 32
41x45: 47 11 68 24 6 34
47x36: 75 71 27 61 26 42
44x35: 15 61 31 77 13 12
42x45: 68 45 39 33 46 65
50x49: 60 40 26 47 40 52
36x42: 70 74 74 53 18 4
41x45: 31 63 70 43 32 48
50x50: 45 21 17 69 62 23
36x36: 6 0 52 17 80 29
37x39: 47 7 79 78 3 1
35x35: 2 67 35 68 9 0
48x40: 19 30 24 79 67 8
46x43: 51 58 72 31 28 38
37x36: 70 60 3 1 44 1
37x50: 42 72 12 67 5 29
41x50: 35 69 72 4 22 40
35x41: 50 9 38 20 72 15
47x45: 10 64 44 6 12 55
42x37: 76 50 41 3 34 28
50x42: 55 23 74 48 10 79
44x42: 19 48 19 49 40 46
38x37: 46 34 13 16 11 23
48x49: 13 3 11 45 70 11
45x47: 10 71 31 73 66 21
47x40: 63 18 8 21 55 35
48x44: 32 31 80 63 38 9
41x49: 50 42 79 48 21 28
45x48: 76 17 38 41 77 25
50x45: 40 37 62 73 31 41
47x43: 14 72 25 75 69 23
35x49: 37 8 52 63 17 38
42x43: 48 9 57 76 61 37
47x48: 46 68 76 10 13 31
46x40: 51 42 55 13 0 6
43x42: 74 73 28 57 23 12
49x39: 13 37 53 10 14 18
46x44: 66 61 44 60 12 56
49x45: 14 2 43 13 21 31
40x40: 59 29 51 80 5 2
48x47: 25 57 75 54 49 0
41x41: 8 73 13 68 23 46
45x41: 62 67 40 76 12 4
47x38: 79 22 38 78 75 1
39x45: 23 47 18 65 49 26
39x47: 68 22 71 21 62 2
39x40: 6 45 1 62 17 24
47x50: 56 62 21 10 72 3
42x44: 36 21 58 72 47 7
38x38: 46 69 5 56 34 6
48x38: 31 38 4 57 33 44
37x49: 30 26 75 44 78 80
48x40: 26 7 72 44 68 35
40x45: 73 34 65 12 17 52
36x43: 16 31 18 41 31 50
50x39: 53 48 57 9 11 51
43x46: 74 0 11 58 45 8
47x41: 63 34 41 36 43 70
39x50: 6 5 12 80 58 2
38x40: 54 25 16 38 10 17
37x46: 21 6 50 80 39 46
42x48: 0 27 61 9 16 75
42x49: 15 54 16 61 9 29
47x37: 40 47 38 17 48 17
39x37: 21 56 44 27 20 5
39x48: 27 11 12 17 15 75
47x46: 17 31 35 10 31 70
44x35: 38 26 66 77 65 24
47x44: 30 63 49 14 30 63
37x35: 16 49 72 53 46 69
40x50: 2 75 8 1 33 27
36x36: 36 80 64 53 27 25
37x39: 65 26 19 68 10 12
37x44: 30 7 31 11 55 14
49x36: 22 15 1 17 1 20
50x46: 33 21 47 16 34 15
35x45: 8 33 73 80 9 63
49x46: 21 47 20 32 13 73
38x42: 1 31 5 60 46 49
39x40: 70 53 28 41 31 53
45x43: 15 64 6 22 28 66
36x47: 36 39 41 11 70 29
35x46: 38 79 31 59 23 31
41x42: 3 29 69 44 1 42
35x47: 13 26 67 30 53 62
36x39: 29 66 52 47 58 5
38x39: 75 72 3 55 4 7
44x43: 50 41 40 57 34 29
37x41: 13 19 13 21 57 59
45x48: 26 57 39 59 33 15
37x40: 77 5 27 41 18 11
42x46: 38 33 22 3 51 57
42x38: 17 15 1 7 28 16
41x47: 10 74 75 33 9 2
37x41: 16 11 42 15 5 59
36x40: 50 63 3 48 54 22
46x41: 57 19 4 78 79 78
42x44: 61 7 11 35 49 17
48x41: 31 80 69 2 48 45
50x50: 41 49 34 23 3 40
42x35: 7 60 67 45 74 29
40x38: 68 7 28 73 12 5
40x40: 45 75 3 45 60 2
39x41: 63 69 39 22 62 4
37x36: 67 61 0 42 14 0
41x39: 41 7 2 18 75 45
39x38: 9 47 50 75 12 43
44x45: 55 62 40 22 45 7
40x47: 16 22 0 73 50 72
36x40: 78 28 72 13 31 4
45x37: 21 11 42 57 1 33
41x42: 13 0 6 49 56 53
40x48: 69 48 12 61 73 3
40x49: 37 2 40 33 13 9
45x40: 9 70 11 43 76 78
50x35: 77 55 20 6 12 42
41x41: 69 33 36 38 30 6
36x47: 19 6 46 0 54 11
44x50: 21 37 10 60 14 39
47x50: 11 69 49 23 47 48
46x40: 59 33 28 34 72 0
39x38: 69 52 29 7 24 16
48x50: 38 10 50 4 64 73
39x38: 21 27 24 16 5 54
37x48: 18 76 33 40 8 11
47x47: 66 58 1 79 75 66
48x38: 75 74 12 13 36 3
44x46: 62 73 77 60 4 22
43x47: 51 4 50 42 30 6
50x43: 38 39 35 62 12 29
39x44: 41 34 53 77 11 24
49x41: 62 66 47 7 65 20
37x44: 67 72 3 22 24 25
36x42: 46 25 35 47 26 0
49x47: 3 30 47 62 76 57
40x50: 20 33 11 36 3 49
36x40: 27 28 28 26 34 52
35x35: 22 76 51 0 3 2
44x43: 44 58 32 27 59 19
47x38: 47 71 76 77 18 19
38x50: 41 35 33 38 24 19
42x36: 76 51 40 17 3 63
44x43: 4 74 73 24 43 28
50x46: 71 23 37 12 60 16
43x40: 11 28 45 28 39 53
45x46: 15 60 6 74 74 9
50x41: 48 67 38 52 6 19
39x41: 58 18 40 23 10 62
45x40: 57 35 26 21 20 31
37x39: 51 54 61 49 0 1
41x46: 67 24 2 0 80 31
42x46: 64 75 39 21 4 2
44x44: 67 43 55 17 43 31
46x41: 51 2 29 28 16 27
35x40: 4 48 32 68 79 0
36x38: 14 53 56 24 3 8
50x39: 1 38 53 12 66 34
39x48: 79 15 36 14 13 63
41x41: 25 45 52 37 20 5
50x41: 30 0 1 11 14 73
50x39: 9 12 32 29 58 37
43x49: 5 37 46 40 54 14
38x36: 21 42 45 56 8 1
46x45: 58 34 49 61 53 10
38x39: 20 13 53 75 15 7
40x47: 16 61 62 14 52 56
36x37: 67 73 36 3 2 2
38x48: 44 49 19 71 6 1
40x50: 9 62 41 30 42 35
36x42: 30 10 58 56 51 1
37x50: 63 2 13 51 52 2
35x37: 38 65 71 26 58 60
45x46: 58 42 71 79 76 60
46x49: 28 0 43 45 37 70
46x38: 17 52 13 32 78 12
41x38: 58 24 43 13 53 5
38x49: 64 17 63 0 67 47
36x48: 65 22 74 22 16 13
47x45: 77 31 35 50 43 18
49x39: 65 38 70 40 70 0
41x41: 44 16 22 64 69 5
38x46: 53 68 36 54 1 66
38x35: 7 25 34 20 36 16
39x36: 69 4 45 57 1 9
42x47: 36 6 48 49 53 40
36x35: 56 28 47 75 34 23
41x41: 9 23 22 65 15 48
36x48: 20 74 32 0 42 59
39x36: 6 80 78 42 1 0
50x46: 67 28 23 66 8 64
40x48: 44 28 27 42 42 46
44x41: 60 71 1 14 44 57
42x42: 41 48 14 49 32 69
44x35: 47 65 65 57 62 5
44x41: 12 21 68 68 0 40
37x41: 54 13 26 68 55 4
39x35: 11 9 6 22 32 71
37x42: 57 80 51 55 40 2
47x38: 79 8 74 5 9 45
38x44: 11 36 56 48 50 3
50x40: 50 69 37 18 38 23
35x39: 76 50 17 2 4 1
46x41: 65 18 20 23 28 78
43x41: 72 6 70 59 41 17
37x44: 25 74 62 42 11 2
42x38: 24 40 62 57 10 4
44x39: 40 54 21 0 40 31
42x48: 42 61 59 57 45 9
50x38: 35 17 68 25 33 80
37x37: 80 3 74 74 51 37
41x36: 69 60 19 46 25 3
44x39: 50 46 64 1 30 54
40x39: 72 18 61 22 0 7
50x42: 5 26 66 46 49 60
49x36: 13 66 35 33 74 22
47x47: 9 66 32 48 28 66
47x46: 61 77 0 64 17 56
40x42: 27 19 23 20 46 77
38x42: 14 61 61 61 13 18
40x48: 73 75 20 17 40 2
36x39: 23 66 51 2 42 0
44x37: 60 61 21 28 52 9
40x43: 58 76 75 8 14 24
47x39: 64 53 19 77 6 11
50x36: 15 11 61 16 77 69
35x48: 5 67 54 29 61 24
47x46: 73 12 54 17 32 61
42x37: 52 32 24 0 0 73
38x35: 40 52 46 6 4 13
43x43: 46 78 35 50 26 52
50x40: 32 39 73 44 50 17
38x42: 20 12 27 65 51 43
36x40: 11 18 60 76 55 1
37x43: 4 49 51 78 20 8
44x36: 63 56 1 25 66 36
41x36: 29 78 21 4 46 30
35x40: 51 45 50 25 9 3
35x37: 71 74 44 44 61 1
42x41: 0 33 22 52 64 13
37x44: 65 32 68 26 2 0
43x49: 31 43 58 58 75 3
50x38: 28 29 40 52 45 66
35x43: 43 9 70 59 0 0
40x50: 73 34 23 24 63 12
42x42: 25 31 79 45 19 13
38x37: 78 0 69 5 30 11
45x50: 73 35 62 23 65 35
47x42: 67 54 61 69 4 64
46x47: 58 15 66 58 40 1
35x41: 46 78 16 11 17 8
42x43: 46 23 63 54 26 53
46x46: 23 73 16 73 29 12
43x42: 25 18 19 60 1 22
48x50: 80 66 68 40 62 38
43x36: 7 27 32 60 80 6
49x45: 71 32 44 2 52 15
46x41: 68 22 36 45 41 65
50x49: 36 59 80 18 21 43
48x47: 20 43 29 40 40 37
43x47: 46 75 66 57 26 10
40x35: 32 10 26 21 50 6
38x37: 6 3 50 67 10 13
43x39: 49 39 29 31 36 56
39x39: 4 45 41 60 29 27
43x49: 69 22 75 76 58 55
44x46: 11 56 39 46 52 33
39x44: 17 44 36 60 68 0
50x50: 37 76 29 0 70 47
41x48: 31 20 49 48 28 33
37x48: 78 34 36 68 17 26
41x37: 58 79 57 4 5 2
50x41: 68 2 23 13 36 34
39x49: 19 1 63 27 43 53
44x50: 4 42 10 18 7 34
47x37: 32 48 1 15 31 49
49x42: 58 12 66 26 60 49
44x45: 70 66 15 32 61 38
41x46: 27 14 30 55 41 1
40x43: 31 1 5 74 60 76
39x46: 63 11 79 43 80 7
36x46: 13 16 62 29 40 71
46x49: 48 45 17 32 5 62
49x44: 72 23 69 44 41 46
49x43: 70 20 8 67 19 57
44x43: 64 48 23 2 79 23
42x45: 68 49 24 67 63 70
39x44: 14 12 66 8 5 16
40x36: 12 4 73 49 62 2
43x36: 9 1 26 62 10 59
36x46: 53 47 7 78 34 67
36x37: 27 66 12 12 29 68
47x41: 72 80 22 71 71 1
38x46: 54 13 21 23 70 51
45x40: 45 40 70 41 47 26
48x45: 27 48 70 32 46 57
49x47: 36 76 2 66 17 38
35x44: 40 2 35 70 65 71
39x38: 17 33 46 74 15 14
43x44: 27 9 41 61 22 62
38x44: 48 10 7 42 44 55
48x38: 77 1 80 48 6 39
36x45: 64 28 19 6 50 14
37x42: 18 16 43 10 60 73
36x47: 55 16 17 61 71 6
50x47: 78 67 31 31 9 34
48x45: 14 52 54 46 44 24
45x46: 39 21 44 78 52 7
39x49: 25 47 19 10 14 6
42x39: 1 43 14 39 57 60
35x45: 26 69 66 33 35 7
39x35: 67 5 32 21 7 36
41x43: 1 8 49 34 46 13
35x44: 29 48 65 12 40 62
37x40: 71 2 5 31 67 39
45x50: 44 45 45 80 38 15
43x36: 3 71 35 28 19 43
47x39: 78 80 29 53 7 18
39x48: 42 57 69 16 26 17
41x39: 67 17 55 18 72 2
45x37: 15 23 40 18 3 40
48x48: 35 19 24 13 16 23
35x43: 76 29 29 3 45 5
50x39: 47 23 49 62 60 8
40x41: 1 34 52 28 25 26
37x40: 78 62 41 58 31 54
47x36: 40 50 78 73 38 1
38x49: 31 66 68 50 5 71
47x36: 38 36 59 21 54 9
36x39: 11 64 14 23 74 34
39x47: 22 58 75 25 58 2
43x45: 20 15 11 14 57 46
37x47: 78 20 48 70 48 5
40x45: 19 20 18 22 6 53
44x44: 36 80 23 15 16 25
35x43: 63 69 0 77 31 1
41x50: 76 76 0 31 70 17
41x36: 44 4 18 4 73 13
44x45: 53 22 20 36 78 76
40x49: 4 11 38 41 47 48
37x48: 60 17 15 35 42 67
48x41: 13 73 80 67 11 61
44x48: 67 73 79 45 4 19
50x50: 78 29 37 24 0 15
35x49: 26 78 53 52 1 10
46x41: 36 32 8 39 38 64
45x35: 50 72 78 0 2 3
45x45: 60 4 17 61 19 80
49x45: 7 66 38 72 40 71
35x41: 45 8 19 35 3 43
47x40: 76 14 39 40 4 34
48x37: 57 38 27 67 19 11
38x46: 11 56 64 3 61 64
39x41: 67 39 41 18 49 1
39x41: 66 14 0 39 5 76
37x45: 66 39 2 73 24 2
41x45: 68 40 56 15 17 9
40x43: 71 65 13 26 69 44
45x43: 36 73 31 21 9 39
45x49: 6 13 49 6 11 54
47x40: 80 57 78 45 39 42
41x37: 59 72 16 11 59 12
49x44: 59 60 29 28 18 78
43x46: 42 41 58 62 3 8
50x38: 21 36 44 77 73 8
38x47: 41 71 9 38 68 59
47x48: 20 61 49 8 43 26
48x48: 30 22 9 73 62 14
49x45: 22 39 51 8 76 13
47x45: 11 27 17 74 0 18
39x49: 73 57 25 26 40 19
44x48: 11 74 1 78 65 51
39x44: 6 0 71 45 14 36
35x42: 80 40 48 51 6 3
41x40: 49 46 53 19 18 21
39x39: 18 62 55 17 10 17
48x49: 54 79 23 58 65 54
49x47: 77 0 73 63 30 32
43x48: 4 4 72 61 47 14
50x37: 35 59 66 10 66 56
37x42: 9 69 74 39 6 43
35x50: 73 42 53 45 37 18
40x36: 38 72 33 7 60 9
40x36: 79 3 36 62 1 2
37x43: 35 32 1 14 77 22
39x49: 30 62 23 67 4 43
37x39: 63 52 49 30 42 3
40x41: 6 33 14 6 21 59
47x50: 68 29 48 49 60 33
39x48: 57 48 40 67 5 12
46x48: 34 42 34 34 12 32
47x49: 75 24 66 43 23 40
35x35: 12 67 13 57 44 28
44x43: 11 7 76 27 76 1
38x37: 72 23 14 23 32 37
49x37: 35 54 41 32 20 9
43x36: 7 33 33 22 56 4
50x41: 62 13 18 69 55 13
38x49: 9 9 73 32 57 2
50x39: 4 49 34 19 42 50
35x50: 8 69 28 0 49 61
38x46: 7 80 11 46 68 21
37x49: 25 22 70 5 49 24
44x47: 45 62 10 80 56 24
39x36: 75 30 62 49 1 8
44x50: 57 2 4 43 7 43
36x47: 66 58 68 19 29 4
36x39: 79 5 15 16 0 11
36x44: 78 21 75 8 13 14
50x42: 43 51 41 15 73 34
39x45: 5 75 22 42 8 15
43x39: 47 70 21 56 31 74
36x39: 78 48 20 2 62 2
35x35: 75 36 13 22 1 0
41x39: 52 30 22 78 44 1
40x50: 38 44 53 0 71 7
41x38: 79 46 69 64 28 59
41x43: 19 60 63 22 10 42
36x36: 55 32 42 39 6 0
49x36: 68 22 20 3 62 16
38x37: 75 74 41 53 25 41
42x38: 52 25 48 28 4 30
50x36: 78 58 22 49 47 17
49x41: 25 42 16 4 72 7
43x39: 53 21 43 28 37 38
40x40: 29 11 52 66 62 6
50x49: 31 31 41 55 74 28
39x35: 60 64 2 27 16 1
50x38: 71 1 52 27 16 45
44x42: 61 39 20 58 36 0
49x49: 51 23 47 80 59 0
37x47: 4 37 54 34 78 69
41x37: 7 65 46 6 14 49
46x49: 22 71 8 71 26 17
45x42: 74 26 28 41 45 34
48x43: 57 62 64 67 7 30
44x49: 8 24 58 11 10 50
40x44: 21 35 14 18 63 19
41x35: 69 16 60 44 26 28
35x44: 29 66 42 26 18 2
45x50: 70 56 58 38 72 16
44x40: 47 36 6 18 45 36
49x40: 68 36 23 22 19 20
42x38: 16 56 33 47 23 13
36x45: 57 69 20 68 38 15
35x47: 58 40 19 0 69 64
45x44: 73 18 72 56 21 3
50x36: 39 3 51 79 28 57
46x37: 24 74 67 28 35 12
35x37: 11 65 50 24 31 5
36x46: 54 47 49 47 1 36
46x46: 71 11 27 56 53 56
44x40: 54 53 17 75 76 11
39x41: 67 42 8 75 48 5
35x48: 22 71 59 72 4 6
40x47: 38 74 38 63 71 3
42x35: 38 60 15 36 53 22
50x42: 63 8 76 46 74 61
48x43: 15 47 65 73 2 33
40x36: 17 45 20 6 34 46
48x46: 9 65 24 80 23 12
40x45: 38 34 46 12 68 74
46x39: 47 62 52 43 20 6
41x39: 71 78 67 68 2 0
38x48: 16 2 61 44 39 44
46x39: 76 66 43 22 38 3
38x42: 29 39 16 26 16 10
48x38: 55 5 25 13 4 65
36x50: 8 38 1 12 15 77
41x41: 11 18 35 74 44 22
40x42: 74 1 67 13 22 0
44x40: 12 27 64 60 46 75
40x49: 45 48 54 27 32 14
48x38: 59 14 66 17 63 46
44x36: 49 36 58 76 9 14
42x48: 24 8 60 47 22 1
50x38: 10 15 18 50 51 75
38x40: 43 25 76 51 15 29
48x50: 74 75 34 51 45 60
47x50: 58 13 15 32 62 63
42x39: 8 63 3 22 48 77
45x39: 9 66 63 59 25 37
50x50: 69 69 2 4 55 15
47x49: 58 4 4 22 71 38
40x50: 49 62 14 72 62 21
50x50: 7 50 33 63 75 48
46x44: 5 16 46 44 74 1
45x47: 45 52 44 7 31 31
42x44: 8 39 14 43 21 2
45x36: 72 65 53 34 1 44
50x35: 49 41 73 12 62 12
41x45: 43 21 78 38 46 55
41x50: 9 68 27 36 33 6
44x47: 11 74 12 75 43 34
37x50: 9 38 64 38 55 42
45x41: 65 58 70 11 28 0
40x50: 59 34 68 78 55 7
41x46: 38 55 52 40 55 1
41x48: 20 32 76 30 51 15
38x39: 39 59 62 35 3 3
36x41: 33 35 70 11 20 6
36x50: 10 40 77 38 8 52
46x37: 17 30 14 73 64 15
43x50: 15 40 42 74 49 30
48x41: 35 56 52 32 7 62
46x38: 31 35 18 46 60 47
44x35: 4 6 30 32 70 49
44x46: 68 30 56 49 1 50
43x44: 30 38 26 20 56 80
45x48: 10 62 60 52 42 54
38x40: 45 53 77 46 8 1
49x35: 23 80 56 17 0 51
41x44: 20 31 66 16 52 10
49x50: 22 75 41 36 25 10
48x46: 73 28 2 2 71 78
42x37: 21 6 51 79 54 76
43x39: 72 15 1 67 55 24
49x50: 24 34 36 63 48 16
48x41: 36 24 53 23 52 18
35x44: 57 31 47 74 58 10
35x50: 50 27 49 54 47 9
43x37: 42 30 60 45 9 4
36x35: 38 50 47 16 35 0
40x43: 43 59 16 11 40 67
48x39: 16 63 35 46 55 18
43x43: 21 40 62 19 71 42
49x36: 23 4 60 33 20 59
48x38: 5 56 45 71 62 58
50x38: 15 44 11 26 36 23
40x43: 27 74 0 67 73 11
48x37: 12 42 3 36 15 50
46x38: 10 58 61 58 80 34
35x45: 57 41 72 16 27 6
44x45: 70 77 48 11 51 32
40x42: 11 2 26 20 49 51
44x39: 55 39 77 16 22 6
46x41: 60 34 72 76 54 5
48x46: 54 11 5 65 43 59
42x39: 67 10 37 59 55 10
50x44: 38 31 66 54 37 36
36x37: 65 54 52 12 59 42
43x46: 64 2 14 59 22 23
47x36: 38 40 75 58 57 19
43x45: 23 27 23 10 77 33
38x48: 14 1 21 61 58 44
47x50: 78 46 50 38 11 16
39x35: 24 3 26 61 18 30
48x41: 18 60 54 2 14 21
39x49: 57 74 31 25 37 72
47x36: 55 53 63 37 1 0
36x50: 78 62 29 7 67 0
48x45: 53 60 14 63 79 20
46x49: 36 24 60 44 56 14
42x45: 59 16 37 49 53 46
50x40: 11 61 16 22 25 20
50x38: 63 38 30 26 71 6
35x46: 20 22 64 4 8 43
48x38: 28 62 33 43 45 1
43x39: 77 13 6 56 58 14
38x38: 13 21 80 15 26 46
40x44: 63 12 19 46 42 17
38x41: 0 31 60 43 36 32
40x37: 53 46 80 31 4 24
48x42: 52 58 66 46 3 56
39x35: 8 10 43 40 51 21
48x36: 19 73 7 80 45 4
44x48: 70 38 40 44 1 35
39x47: 69 79 79 5 1 0
46x47: 10 4 68 42 49 16
44x41: 66 43 20 2 3 69
43x42: 54 64 14 7 47 33
46x38: 15 57 38 73 0 58
45x42: 72 80 68 76 29 44
44x44: 73 17 48 66 31 13
45x41: 12 18 54 52 10 11
36x48: 57 9 47 67 51 75
47x43: 56 62 53 20 18 64
39x50: 65 67 15 27 58 60
36x40: 15 77 52 14 15 47
44x36: 39 47 38 37 31 0
39x39: 39 36 27 23 62 0
38x46: 61 73 39 36 3 2
47x50: 16 17 64 58 57 57
39x45: 79 52 49 29 57 0
47x45: 56 35 11 21 3 73
44x38: 79 69 36 1 9 4
41x50: 68 23 2 35 26 31
49x37: 51 75 5 62 2 43
48x40: 40 48 32 11 14 12
40x44: 11 19 39 52 21 7
45x40: 49 12 40 18 52 28
45x43: 15 6 25 30 76 75
42x50: 14 34 7 40 59 70
48x37: 29 2 34 70 75 6
42x39: 10 64 26 18 47 69
40x42: 71 57 5 0 59 39
44x40: 61 34 76 32 48 22
41x44: 72 8 38 11 50 15
39x43: 64 40 43 33 57 34
42x45: 76 42 2 17 0 77
50x35: 52 71 62 50 68 10
37x35: 56 15 45 48 76 22
47x40: 1 15 59 47 24 56
35x42: 45 24 11 78 80 38
42x42: 4 35 63 77 26 0
41x47: 64 63 21 70 12 42
40x37: 16 33 72 29 66 8
41x35: 68 78 32 71 58 0
48x36: 52 35 15 66 59 63
46x36: 35 53 68 57 40 0
47x41: 3 28 54 9 31 25
40x45: 12 3 61 55 3 75
45x43: 43 6 42 66 30 9
49x38: 10 7 4 48 40 8
39x36: 38 78 80 55 8 13
36x36: 12 79 52 14 0 29
47x49: 79 12 43 3 58 66
45x41: 8 75 24 73 8 40
43x46: 56 23 31 17 5 7
39x44: 45 39 74 69 9 4
50x44: 1 66 75 18 7 30
36x48: 25 8 43 24 60 59
45x45: 20 13 58 5 63 28
35x42: 27 30 61 42 51 0
47x41: 0 46 1 9 45 3
38x39: 74 46 2 3 12 12
44x40: 22 43 70 31 11 12
35x40: 2 17 48 14 43 26
44x49: 21 67 79 55 8 15
39x39: 48 47 40 76 54 31
36x41: 19 41 31 6 80 35
39x50: 60 78 8 21 65 3
46x50: 47 67 61 63 30 17
47x36: 57 30 50 27 39 54
47x40: 70 10 17 10 37 56
46x42: 79 43 54 57 29 13
48x46: 48 3 22 56 29 33
37x46: 64 65 69 10 35 29
38x38: 25 42 25 42 16 9
43x41: 69 33 1 38 36 44
47x47: 1 60 65 19 50 29
42x41: 70 59 59 43 25 0
45x41: 53 26 56 57 71 1
46x39: 1 63 45 43 28 26
48x47: 38 41 75 2 72 4
39x39: 72 80 77 77 73 3
47x41: 49 24 60 13 42 72
49x44: 70 22 4 77 62 1
40x41: 36 26 29 37 67 8
49x36: 41 52 50 20 7 8
48x50: 26 16 26 39 55 60
40x44: 58 35 25 0 18 57
37x47: 42 72 62 58 7 0
37x44: 44 38 50 78 22 53
42x40: 58 49 23 72 12 50
36x42: 80 68 37 8 27 63
48x38: 13 64 41 52 57 21
43x41: 9 59 48 43 51 54
41x47: 17 41 59 62 59 2
37x42: 60 35 20 21 2 77
38x40: 50 21 9 1 34 19
49x46: 68 27 56 6 66 13
47x44: 6 48 25 31 47 30
41x37: 1 43 24 8 28 12
40x40: 41 41 71 80 6 9
41x47: 27 13 45 41 22 1
47x45: 28 8 35 79 47 5
37x41: 63 13 68 72 10 8
38x45: 17 42 22 40 61 8
45x35: 48 65 29 64 37 11
35x42: 15 39 30 54 31 79
37x36: 25 19 48 26 4 30
49x45: 5 66 53 36 3 29
45x45: 31 28 77 48 66 20
40x49: 62 8 24 6 18 26
39x37: 26 30 64 10 54 23
49x44: 54 22 77 31 38 18
49x41: 10 46 50 48 21 60
49x48: 19 61 2 48 54 10
44x39: 48 59 39 58 9 12
50x37: 25 19 24 0 1 64
46x50: 50 47 49 62 39 75
37x48: 15 49 72 20 24 55
43x46: 47 7 49 54 31 31
50x36: 3 18 33 77 58 18
43x42: 20 1 14 11 49 50
37x41: 54 32 38 64 68 42
47x44: 11 13 73 44 18 34
41x47: 21 62 0 12 8 53
48x44: 47 23 17 25 62 23
38x49: 25 7 23 24 33 52
49x38: 37 10 48 15 35 8
45x35: 12 1 7 34 0 74
36x38: 48 77 66 48 1 1
50x45: 43 40 30 46 51 48
36x46: 0 58 51 17 3 77
38x43: 31 47 57 79 60 65
48x41: 41 2 46 5 41 56
42x50: 10 44 54 60 12 49
44x41: 73 64 4 16 63 11
44x49: 14 61 69 30 31 27
40x37: 3 20 41 49 35 28
43x50: 17 68 62 11 42 28
37x45: 48 71 55 29 28 16
38x44: 75 24 14 73 11 2
45x47: 7 75 68 24 49 13
45x46: 16 66 77 75 28 13
47x35: 18 37 28 63 58 9
44x39: 4 76 40 39 64 15
43x50: 37 48 7 42 19 26
42x36: 62 50 38 20 2 70
47x45: 44 50 50 9 67 36
44x41: 12 16 41 74 6 38
49x40: 61 37 18 26 27 25
35x46: 18 48 54 21 7 12
46x50: 65 43 75 55 9 20
47x42: 62 38 76 22 41 6
37x49: 35 80 56 47 1 15
38x37: 65 28 2 75 36 18
50x43: 75 23 49 61 41 6
44x39: 68 23 51 2 25 17
50x37: 15 26 15 23 76 23
35x49: 16 73 26 20 11 71
43x36: 38 46 69 10 13 10
35x42: 66 37 68 56 8 18
50x45: 45 77 68 65 26 12
36x42: 27 17 77 70 0 2
46x43: 9 70 32 33 48 20
47x49: 54 18 68 26 9 80
43x41: 65 77 20 53 19 40
48x47: 9 34 15 68 14 70
48x37: 42 34 18 28 35 0
38x47: 13 15 22 67 39 75
50x38: 36 70 34 77 12 6
40x45: 44 68 70 76 51 61
39x43: 19 16 18 48 72 34
36x46: 77 53 58 23 56 45
49x44: 29 39 11 39 52 40
37x37: 11 21 73 7 5 47
44x50: 54 65 17 61 63 65
38x47: 0 54 68 44 31 33
36x49: 67 28 22 9 46 17
46x36: 47 14 43 31 69 3
44x44: 0 80 72 50 27 19
36x49: 7 45 0 78 58 42
44x46: 23 51 45 1 12 55
50x41: 19 52 15 62 0 19
43x42: 46 54 23 68 34 6
49x49: 55 0 45 25 14 24
44x36: 42 4 20 25 61 34
38x48: 16 41 51 64 49 8
38x38: 44 64 1 30 6 43
48x35: 62 10 54 31 39 4
40x42: 33 31 54 25 30 22
38x40: 80 19 29 15 16 51
36x43: 54 2 78 25 11 6
47x48: 29 28 43 54 61 7
48x36: 35 44 53 31 20 3
40x36: 41 27 36 60 35 6
48x40: 42 38 14 12 1 70
39x45: 75 67 77 47 7 20
43x41: 13 16 80 77 3 2
41x41: 9 69 79 43 38 60
41x39: 70 32 71 11 5 3
38x48: 64 2 21 76 35 16
44x36: 24 50 63 68 65 4
40x49: 49 51 77 34 26 23
35x40: 1 65 58 64 33 4
44x42: 15 21 28 5 68 30
44x36: 35 17 34 6 31 26